0 0.278125 0.121875 0.059375 0.103125
0 0.890625 0.2640625 0.07265625 0.1140625
0 0.33125 0.47578125 0.05390625 0.084375
0 0.5359375 0.290625 0.04765625 0.09609375
0 0.41328125 0.5546875 0.0515625 0.109375
0 0.40234375 0.4734375 0.0671875 0.078125
0 0.9296875 0.64296875 0.04453125 0.125
0 0.54296875 0.528125 0.028125 0.1015625
0 0.6546875 0.47734375 0.05078125 0.1015625
0 0.75703125 0.5375 0.05625 0.096875
0 0.678125 0.415625 0.04609375 0.1
0 0.7734375 0.375 0.0625 0.1359375
0 0.5796875 0.3953125 0.03203125 0.084375
0 0.80390625 0.58359375 0.0359375 0.0890625
0 0.6234375 0.4125 0.059375 0.1109375
0 0.728125 0.4015625 0.05390625 0.0859375
0 0.82421875 0.4296875 0.0578125 0.084375
0 0.1078125 0.3234375 0.0625 0.05859375