0 0.3203125 0.4734375 0.05078125 0.071875
0 0.2953125 0.1609375 0.0640625 0.09453125
0 0.55 0.3328125 0.04453125 0.09296875
0 0.875 0.32109375 0.07265625 0.096875
0 0.625 0.75703125 0.04765625 0.15625
0 0.621875 0.403125 0.03984375 0.084375
0 0.57890625 0.4 0.053125 0.09453125
0 0.42890625 0.51484375 0.0578125 0.109375
0 0.3921875 0.465625 0.06015625 0.0859375
0 0.81171875 0.4453125 0.06875 0.08203125
0 0.7515625 0.3125 0.0765625 0.09140625
0 0.7296875 0.446875 0.03203125 0.07109375
0 0.76171875 0.4515625 0.0421875 0.08046875
0 0.7671875 0.37265625 0.05078125 0.115625
0 0.03359375 0.2734375 0.0515625 0.07890625
0 0.0875 0.315625 0.059375 0.08203125