0 0.7328125 0.3515625 0.06484375 0.0859375
0 0.1734375 0.4984375 0.05859375 0.09140625
0 0.3109375 0.4375 0.06484375 0.06953125
0 0.67265625 0.60234375 0.059375 0.0734375
0 0.96875 0.52421875 0.059375 0.11796875
0 0.5859375 0.4 0.04140625 0.08359375
0 0.28359375 0.3671875 0.0484375 0.05703125
0 0.540625 0.4109375 0.02890625 0.04453125
0 0.225 0.37578125 0.02890625 0.090625
0 0.02109375 0.2515625 0.0421875 0.0859375
0 0.96875 0.7703125 0.05859375 0.08203125
0 0.4984375 0.409375 0.03828125 0.0484375