0 0.734375 0.1125 0.07890625 0.15546875
0 0.27578125 0.26640625 0.0578125 0.09140625
0 0.8375 0.3234375 0.05546875 0.1140625
0 0.57109375 0.43984375 0.025 0.09765625
0 0.584375 0.39296875 0.0375 0.11171875
0 0.60546875 0.35390625 0.0515625 0.0828125
0 0.146875 0.3984375 0.0328125 0.1
0 0.603125 0.01796875 0.05859375 0.0359375
0 0.8671875 0.47109375 0.06328125 0.121875
0 0.253125 0.465625 0.065625 0.1
0 0.9078125 0.42890625 0.04765625 0.14453125
0 0.69375 0.46953125 0.08046875 0.0859375
0 0.78828125 0.51953125 0.0359375 0.08046875
0 0.26796875 0.39140625 0.0421875 0.071875
0 0.1015625 0.315625 0.0296875 0.059375
0 0.0546875 0.27421875 0.04375 0.065625
0 0.315625 0.41015625 0.05234375 0.08203125
0 0.015625 0.275 0.03125 0.084375