0 0.715625 0.10703125 0.07734375 0.11640625
0 0.6765625 0.71875 0.05234375 0.109375
0 0.7875 0.67265625 0.04609375 0.09609375
0 0.253125 0.46875 0.0609375 0.10390625
0 0.5609375 0.43359375 0.04921875 0.08046875
0 0.20234375 0.3546875 0.03125 0.06796875
0 0.5703125 0.365625 0.06640625 0.090625
0 0.56875 0.321875 0.06171875 0.103125
0 0.3125 0.403125 0.04140625 0.07890625
0 0.5703125 0.240625 0.06328125 0.10546875
0 0.03203125 0.38125 0.0296875 0.0734375
0 0.03671875 0.2890625 0.0734375 0.09453125
0 0.09296875 0.2953125 0.0578125 0.0765625
0 0.28125 0.35859375 0.03828125 0.0875
0 0.73984375 0.4953125 0.040625 0.1046875
0 0.76484375 0.49375 0.0328125 0.11328125
0 0.6890625 0.46015625 0.0578125 0.07890625