0 0.6140625 0.2046875 0.05703125 0.12109375
0 0.46796875 0.3765625 0.0515625 0.0890625
0 0.2421875 0.48984375 0.0671875 0.1015625
0 0.640625 0.34453125 0.06015625 0.121875
0 0.134375 0.5890625 0.0515625 0.09453125
0 0.303125 0.45234375 0.05234375 0.07109375
0 0.55859375 0.340625 0.046875 0.09296875
0 0.7953125 0.634375 0.03671875 0.1
0 0.59375 0.46171875 0.05234375 0.0875
0 0.6390625 0.465625 0.03515625 0.09453125
0 0.7640625 0.3703125 0.06015625 0.12109375
0 0.83515625 0.4015625 0.059375 0.125
0 0.7890625 0.490625 0.03671875 0.0875
0 0.878125 0.40234375 0.05 0.10546875
0 0.31484375 0.3828125 0.040625 0.0765625
0 0.05546875 0.478125 0.046875 0.084375
0 0.1 0.3046875 0.02890625 0.07109375
0 0.26875 0.353125 0.03359375 0.04296875