0 0.696875 0.37109375 0.07109375 0.10546875
0 0.528125 0.3859375 0.04921875 0.075
0 0.41875 0.4265625 0.04765625 0.0859375
0 0.5953125 0.2875 0.0578125 0.10859375
0 0.6078125 0.36484375 0.05 0.0765625
0 0.24296875 0.4921875 0.0640625 0.0984375
0 0.8765625 0.3 0.0578125 0.0890625
0 0.19921875 0.42421875 0.0546875 0.13203125
0 0.17265625 0.55 0.0484375 0.096875
0 0.621875 0.49140625 0.05390625 0.075
0 0.134375 0.525 0.05390625 0.078125
0 0.09375 0.296875 0.04375 0.0875
0 0.3078125 0.371875 0.0625 0.09140625
0 0.0234375 0.259375 0.04609375 0.07890625