0 0.290625 0.58671875 0.08515625 0.090625
0 0.375 0.334375 0.05390625 0.10390625
0 0.15234375 0.18828125 0.0484375 0.0984375
0 0.709375 0.4296875 0.06015625 0.0984375
0 0.7921875 0.6484375 0.0328125 0.096875
0 0.659375 0.43515625 0.06484375 0.1375
0 0.146875 0.046875 0.0765625 0.09296875
0 0.81875 0.734375 0.02890625 0.10703125
0 0.475 0.41015625 0.05703125 0.06796875
0 0.8484375 0.31484375 0.05234375 0.14609375
0 0.10625 0.315625 0.02890625 0.05859375
0 0.01796875 0.3828125 0.0359375 0.07890625
0 0.7953125 0.51015625 0.03203125 0.065625
0 0.0765625 0.28515625 0.046875 0.065625