0 0.446875 0.26953125 0.065625 0.15
0 0.165625 0.18828125 0.06796875 0.084375
0 0.32109375 0.603125 0.090625 0.07890625
0 0.546875 0.421875 0.0515625 0.05390625
0 0.778125 0.6984375 0.0484375 0.121875
0 0.715625 0.365625 0.0453125 0.09609375
0 0.24921875 0.265625 0.0484375 0.11796875
0 0.70234375 0.46875 0.0703125 0.17890625
0 0.7921875 0.5140625 0.04140625 0.09453125
0 0.640625 0.39375 0.04765625 0.09296875
0 0.31875 0.359375 0.05546875 0.040625
0 0.4859375 0.76484375 0.034375 0.109375
0 0.63125 0.440625 0.0484375 0.0890625
0 0.1078125 0.315625 0.03984375 0.059375
0 0.71875 0.5078125 0.03671875 0.1015625
0 0.690625 0.43046875 0.046875 0.103125
0 0.83671875 0.47734375 0.06328125 0.06015625
0 0.0359375 0.409375 0.04296875 0.084375