0 0.09765625 0.1 0.075 0.11640625
0 0.23125 0.23984375 0.06796875 0.1015625
0 0.2640625 0.62421875 0.03046875 0.1015625
0 0.734375 0.35859375 0.06328125 0.1
0 0.62890625 0.371875 0.0421875 0.09453125
0 0.671875 0.3546875 0.046875 0.109375
0 0.3546875 0.590625 0.0828125 0.1140625
0 0.7953125 0.48984375 0.040625 0.1109375
0 0.4921875 0.1953125 0.059375 0.1375
0 0.8375 0.915625 0.03359375 0.115625
0 0.35 0.39453125 0.02734375 0.08046875
0 0.68828125 0.46171875 0.0453125 0.06796875
0 0.309375 0.3765625 0.03515625 0.071875
0 0.06796875 0.29765625 0.05234375 0.0875
0 0.8453125 0.4796875 0.06484375 0.0890625