0 0.440625 0.1859375 0.07109375 0.096875
0 0.96328125 0.19296875 0.0703125 0.11953125
0 0.796875 0.43671875 0.06171875 0.09375
0 0.2640625 0.30703125 0.05546875 0.0890625
0 0.38359375 0.590625 0.06875 0.1
0 0.22734375 0.4296875 0.0375 0.08203125
0 0.43671875 0.38203125 0.04375 0.06953125
0 0.0953125 0.296875 0.06015625 0.09453125
0 0.796875 0.653125 0.04296875 0.1
0 0.3234375 0.3640625 0.05390625 0.05859375
0 0.01328125 0.21171875 0.0265625 0.034375
0 0.0234375 0.284375 0.046875 0.0359375
0 0.87265625 0.52109375 0.05234375 0.09765625
0 0.8484375 0.45234375 0.0578125 0.09375