0 0.15625 0.48984375 0.06328125 0.07109375
0 0.44375 0.50234375 0.0671875 0.11796875
0 0.4921875 0.27421875 0.05703125 0.10390625
0 0.23125 0.29296875 0.05703125 0.078125
0 0.51953125 0.35390625 0.0578125 0.11953125
0 0.72890625 0.38671875 0.0421875 0.10390625
0 0.81484375 0.39140625 0.0671875 0.103125
0 0.103125 0.315625 0.03515625 0.0609375
0 0.37421875 0.371875 0.04375 0.06796875
0 0.67734375 0.5125 0.0609375 0.08046875
0 0.14296875 0.32265625 0.0265625 0.040625
0 0.6359375 0.4453125 0.05625 0.07890625
0 0.2671875 0.3515625 0.0328125 0.04140625
0 0.875 0.53125 0.06015625 0.10703125
0 0.025 0.24921875 0.04921875 0.14296875
0 0.7703125 0.415625 0.0375 0.07890625
0 0.3328125 0.365625 0.046875 0.075
0 0.7453125 0.56171875 0.0578125 0.090625
0 0.8625 0.44453125 0.08515625 0.075