0 0.203125 0.371875 0.05546875 0.1015625
0 0.4171875 0.090625 0.06875 0.1375
0 0.6828125 0.9109375 0.05625 0.11953125
0 0.475 0.13125 0.053125 0.15703125
0 0.696875 0.49375 0.05234375 0.1046875
0 0.4046875 0.359375 0.059375 0.08046875
0 0.5234375 0.409375 0.04609375 0.10390625
0 0.02734375 0.19375 0.0546875 0.1234375
0 0.3359375 0.3953125 0.03359375 0.1015625
0 0.525 0.534375 0.053125 0.0765625
0 0.4296875 0.03125 0.04921875 0.0625
0 0.5703125 0.50859375 0.06328125 0.09453125
0 0.375 0.4234375 0.053125 0.06640625
0 0.8765625 0.55078125 0.0640625 0.13203125
0 0.58984375 0.453125 0.0734375 0.07109375
0 0.86796875 0.44765625 0.05625 0.09296875
0 0.0953125 0.3140625 0.04609375 0.05859375
0 0.053125 0.3015625 0.0328125 0.0828125
0 0.7828125 0.6234375 0.0546875 0.096875