0 0.3640625 0.09765625 0.08046875 0.109375
0 0.1828125 0.2078125 0.06796875 0.0984375
0 0.3078125 0.359375 0.03828125 0.0984375
0 0.4703125 0.509375 0.05859375 0.18046875
0 0.4453125 0.35 0.0578125 0.09453125
0 0.578125 0.5015625 0.04921875 0.0859375
0 0.7484375 0.63984375 0.0546875 0.08203125
0 0.8796875 0.5546875 0.0625 0.13203125
0 0.42578125 0.4296875 0.053125 0.065625
0 0.8765625 0.44453125 0.07578125 0.09453125
0 0.58359375 0.1296875 0.134375 0.259375
0 0.22265625 0.37578125 0.040625 0.07890625
0 0.7390625 0.56328125 0.04921875 0.08203125
0 0.428125 0.04609375 0.075 0.09140625
0 0.18125 0.346875 0.0359375 0.059375
0 0.63203125 0.44609375 0.0625 0.06484375
0 0.546875 0.38046875 0.0578125 0.0890625
0 0.703125 0.4546875 0.04609375 0.08203125