0 0.353125 0.2546875 0.06015625 0.12109375
0 0.48359375 0.328125 0.0484375 0.08203125
0 0.60546875 0.5390625 0.059375 0.0890625
0 0.2015625 0.29375 0.05703125 0.07890625
0 0.440625 0.33359375 0.03359375 0.096875
0 0.8765625 0.546875 0.05625 0.109375
0 0.2640625 0.36640625 0.03671875 0.06953125
0 0.5359375 0.85859375 0.0828125 0.2359375
0 0.1109375 0.4109375 0.05703125 0.071875
0 0.60625 0.4484375 0.0515625 0.06640625
0 0.8671875 0.44140625 0.05546875 0.0890625
0 0.0234375 0.25625 0.046875 0.084375
0 0.4140625 0.3703125 0.03828125 0.08203125
0 0.8359375 0.73828125 0.04765625 0.10390625
0 0.1015625 0.3140625 0.03828125 0.05546875
0 0.8046875 0.525 0.0375 0.0890625
0 0.7359375 0.49921875 0.08203125 0.10390625
0 0.528125 0.4234375 0.0515625 0.0640625