0 0.39921875 0.1671875 0.06875 0.109375
0 0.6 0.36171875 0.059375 0.11796875
0 0.8765625 0.55390625 0.05859375 0.121875
0 0.3078125 0.340625 0.03828125 0.07109375
0 0.36171875 0.45 0.03125 0.08359375
0 0.715625 0.646875 0.05703125 0.0890625
0 0.78203125 0.42265625 0.0515625 0.0984375
0 0.496875 0.446875 0.05703125 0.078125
0 0.4984375 0.36796875 0.0515625 0.09140625
0 0.6921875 0.1375 0.16171875 0.2
0 0.7234375 0.45703125 0.065625 0.103125
0 0.234375 0.35 0.03828125 0.046875
0 0.7390625 0.5140625 0.05859375 0.0640625
0 0.44921875 0.309375 0.0578125 0.0859375
0 0.54375 0.41640625 0.03984375 0.046875
0 0.43125 0.34609375 0.04453125 0.075
0 0.08515625 0.3109375 0.0671875 0.0640625
0 0.0734375 0.42421875 0.06328125 0.090625