0 0.790625 0.115625 0.090625 0.1625
0 0.79375 0.7875 0.059375 0.0640625
0 0.4390625 0.51953125 0.09609375 0.11640625
0 0.121875 0.41171875 0.05234375 0.06796875
0 0.86875 0.50625 0.0578125 0.06875
0 0.1 0.31484375 0.03515625 0.05703125
0 0.43125 0.30390625 0.03515625 0.1
0 0.4125 0.52109375 0.0421875 0.10546875
0 0.5421875 0.334375 0.05 0.1
0 0.2046875 0.1375 0.05390625 0.15
0 0.43359375 0.4 0.0515625 0.078125
0 0.26796875 0.39375 0.0484375 0.07109375
0 0.4578125 0.32734375 0.03984375 0.09296875
0 0.8390625 0.72109375 0.06328125 0.0640625
0 0.2125 0.365625 0.04453125 0.071875
0 0.49375 0.3703125 0.04140625 0.09609375
0 0.171875 0.3578125 0.04296875 0.065625
0 0.8890625 0.5734375 0.0421875 0.1265625