0 0.29140625 0.628125 0.0609375 0.0890625
0 0.4296875 0.24140625 0.053125 0.1140625
0 0.7078125 0.26015625 0.05234375 0.10390625
0 0.709375 0.378125 0.05390625 0.09296875
0 0.16328125 0.31328125 0.05 0.10703125
0 0.475 0.3109375 0.05078125 0.09140625
0 0.4234375 0.83046875 0.0375 0.1109375
0 0.7328125 0.0234375 0.0328125 0.046875
0 0.8765625 0.56796875 0.06015625 0.128125
0 0.209375 0.328125 0.04375 0.06953125
0 0.584375 0.4078125 0.04453125 0.0765625
0 0.5046875 0.36015625 0.040625 0.1234375
0 0.7484375 0.4890625 0.0390625 0.0609375
0 0.809375 0.7046875 0.046875 0.090625
0 0.09453125 0.303125 0.04375 0.09609375
0 0.06953125 0.42734375 0.0296875 0.084375
0 0.79375 0.5734375 0.06953125 0.09453125
0 0.5390625 0.41171875 0.04765625 0.065625