0 0.36015625 0.325 0.05625 0.08359375
0 0.140625 0.5046875 0.053125 0.07109375
0 0.690625 0.49140625 0.03203125 0.096875
0 0.603125 0.3984375 0.05234375 0.08046875
0 0.7921875 0.56796875 0.046875 0.06640625
0 0.5515625 0.55234375 0.046875 0.07890625
0 0.57734375 0.4953125 0.0453125 0.07890625
0 0.75625 0.521875 0.040625 0.0609375
0 0.65625 0.42578125 0.04765625 0.07890625
0 0.49765625 0.3828125 0.05625 0.0765625
0 0.48125 0.440625 0.02890625 0.09140625
0 0.03125 0.22265625 0.04296875 0.084375
0 0.98046875 0.353125 0.0390625 0.10859375