0 0.6609375 0.065625 0.08203125 0.11640625
0 0.4828125 0.209375 0.06640625 0.121875
0 0.41484375 0.20390625 0.053125 0.10859375
0 0.7203125 0.3171875 0.059375 0.10625
0 0.7015625 0.2453125 0.05625 0.115625
0 0.47265625 0.6125 0.05625 0.19453125
0 0.884375 0.5703125 0.07578125 0.13203125
0 0.29375 0.62265625 0.0578125 0.08203125
0 0.203125 0.31796875 0.04765625 0.0609375
0 0.546875 0.4140625 0.028125 0.0640625
0 0.2890625 0.48984375 0.03125 0.109375
0 0.5234375 0.34921875 0.0640625 0.0875
0 0.58828125 0.42578125 0.028125 0.040625
0 0.8546875 0.640625 0.0625 0.071875
0 0.0953125 0.31640625 0.03671875 0.05546875
0 0.134375 0.31484375 0.03046875 0.05703125
0 0.5140625 0.409375 0.04140625 0.059375
0 0.79296875 0.575 0.06875 0.0859375
0 0.225 0.85 0.0484375 0.10859375
0 0.0234375 0.26796875 0.046875 0.075