0 0.4359375 0.1796875 0.065625 0.0875
0 0.690625 0.2140625 0.06328125 0.096875
0 0.92109375 0.69453125 0.0671875 0.09453125
0 0.28671875 0.59765625 0.040625 0.0984375
0 0.609375 0.209375 0.06171875 0.096875
0 0.8796875 0.5703125 0.06171875 0.1125
0 0.5609375 0.18125 0.07109375 0.1234375
0 0.5671875 0.39921875 0.0375 0.084375
0 0.31875 0.4125 0.0515625 0.0890625
0 0.18125 0.2578125 0.04296875 0.0875
0 0.5125 0.37578125 0.0921875 0.1125
0 0.2453125 0.3484375 0.05625 0.078125
0 0.6984375 0.52890625 0.06484375 0.0859375
0 0.0765625 0.396875 0.0328125 0.0875
0 0.85390625 0.47109375 0.03203125 0.1359375
0 0.0921875 0.31171875 0.0390625 0.0671875