0 0.6015625 0.6359375 0.05390625 0.103125
0 0.68203125 0.21328125 0.06875 0.0875
0 0.8953125 0.584375 0.090625 0.13359375
0 0.5921875 0.43359375 0.053125 0.103125
0 0.7453125 0.5515625 0.0578125 0.10859375
0 0.103125 0.228125 0.05546875 0.2125
0 0.525 0.1421875 0.06484375 0.13203125
0 0.2140625 0.490625 0.04609375 0.08046875
0 0.515625 0.41171875 0.034375 0.0625
0 0.0359375 0.38515625 0.05234375 0.08203125
0 0.78671875 0.4640625 0.046875 0.125
0 0.54765625 0.4140625 0.0265625 0.046875
0 0.065625 0.2375 0.04453125 0.08046875
0 0.84140625 0.56328125 0.059375 0.1125
0 0.559375 0.065625 0.05546875 0.13046875