0 0.56328125 0.28828125 0.065625 0.084375
0 0.74296875 0.69921875 0.0453125 0.134375
0 0.54375 0.12578125 0.06328125 0.12109375
0 0.88125 0.53828125 0.0703125 0.090625
0 0.5015625 0.109375 0.07265625 0.109375
0 0.6453125 0.628125 0.053125 0.07890625
0 0.75234375 0.565625 0.0390625 0.090625
0 0.51796875 0.4109375 0.040625 0.0609375
0 0.94140625 0.503125 0.028125 0.07890625
0 0.1046875 0.215625 0.06328125 0.090625
0 0.61484375 0.45078125 0.0625 0.07109375
0 0.353125 0.396875 0.05234375 0.08203125
0 0.7640625 0.42578125 0.03984375 0.1171875
0 0.08984375 0.43828125 0.0546875 0.07265625
0 0.0578125 0.3734375 0.05859375 0.05546875