0 0.57109375 0.0828125 0.0796875 0.10390625
0 0.4515625 0.21640625 0.06328125 0.1140625
0 0.075 0.20625 0.07421875 0.09296875
0 0.6796875 0.71484375 0.06640625 0.09296875
0 0.5265625 0.340625 0.05078125 0.09453125
0 0.5203125 0.409375 0.04453125 0.05703125
0 0.6875 0.49921875 0.04609375 0.07890625
0 0.3875 0.40546875 0.053125 0.06640625
0 0.44140625 0.409375 0.046875 0.07109375
0 0.61640625 0.596875 0.0640625 0.08359375
0 0.9078125 0.50703125 0.10625 0.121875
0 0.09609375 0.31328125 0.0390625 0.0515625
0 0.03828125 0.5421875 0.04375 0.0765625
0 0.08828125 0.434375 0.0515625 0.08203125
0 0.090625 0.39375 0.04296875 0.0515625
0 0.94375 0.48125 0.034375 0.07109375
0 0.7703125 0.4984375 0.03828125 0.053125