0 0.60390625 0.05390625 0.0609375 0.1078125
0 0.42265625 0.328125 0.0484375 0.0875
0 0.5265625 0.34765625 0.04453125 0.08203125
0 0.51875 0.4140625 0.04140625 0.06640625
0 0.675 0.6453125 0.05078125 0.09609375
0 0.6625 0.56640625 0.05703125 0.071875
0 0.9640625 0.403125 0.04375 0.08046875
0 0.553125 0.4640625 0.05703125 0.06640625
0 0.8703125 0.52578125 0.0546875 0.084375
0 0.7484375 0.54140625 0.05078125 0.078125
0 0.09765625 0.3140625 0.0375 0.05
0 0.034375 0.440625 0.0453125 0.10390625
0 0.0828125 0.44296875 0.0453125 0.08046875
0 0.1 0.3859375 0.04140625 0.06640625
0 0.471875 0.41171875 0.03515625 0.059375
0 0.42578125 0.41171875 0.053125 0.07109375
0 0.17734375 0.046875 0.0390625 0.09375
0 0.0609375 0.2546875 0.06640625 0.090625
0 0.9234375 0.51484375 0.06953125 0.0765625