0 0.603125 0.059375 0.059375 0.11875
0 0.35078125 0.05625 0.059375 0.1125
0 0.2296875 0.603125 0.0328125 0.0984375
0 0.1375 0.44609375 0.0515625 0.096875
0 0.678125 0.475 0.053125 0.06953125
0 0.528125 0.35 0.04453125 0.0859375
0 0.925 0.484375 0.0671875 0.10859375
0 0.84140625 0.43359375 0.0734375 0.1390625
0 0.41953125 0.38984375 0.0390625 0.0625
0 0.51875 0.4859375 0.0703125 0.071875
0 0.521875 0.409375 0.04296875 0.075
0 0.70234375 0.5328125 0.071875 0.090625
0 0.05390625 0.3015625 0.05 0.08984375
0 0.08359375 0.43828125 0.0453125 0.1015625
0 0.6796875 0.61328125 0.03984375 0.1015625
0 0.446875 0.42421875 0.05625 0.08203125
0 0.49140625 0.396875 0.0296875 0.07890625