0 0.2875 0.103125 0.08671875 0.1515625
0 0.803125 0.203125 0.059375 0.1140625
0 0.175 0.45234375 0.05234375 0.09296875
0 0.678125 0.54140625 0.04765625 0.09140625
0 0.4875 0.3171875 0.0609375 0.1125
0 0.56875 0.121875 0.05546875 0.14609375
0 0.53125 0.34765625 0.03984375 0.09296875
0 0.9421875 0.44921875 0.05546875 0.10703125
0 0.609375 0.040625 0.07578125 0.08046875
0 0.5984375 0.45 0.05546875 0.08046875
0 0.47265625 0.4625 0.059375 0.0640625
0 0.090625 0.45 0.03671875 0.071875
0 0.09453125 0.31171875 0.0375 0.0515625
0 0.47109375 0.390625 0.046875 0.096875
0 0.51875 0.41171875 0.04140625 0.0625
0 0.03515625 0.28515625 0.0515625 0.0765625