0 0.7125 0.16953125 0.08671875 0.1640625
0 0.36953125 0.37734375 0.0484375 0.07890625
0 0.240625 0.509375 0.059375 0.0875
0 0.60078125 0.39921875 0.0515625 0.08203125
0 0.465625 0.49921875 0.06015625 0.084375
0 0.7421875 0.59765625 0.03984375 0.08203125
0 0.65625 0.421875 0.065625 0.08046875
0 0.5765625 0.5125 0.04609375 0.103125
0 0.4671875 0.3625 0.06484375 0.075
0 0.9765625 0.353125 0.04375 0.10390625
0 0.4828125 0.4046875 0.05859375 0.059375
0 0.93984375 0.525 0.0234375 0.078125
0 0.025 0.27421875 0.05 0.1265625