0 0.7921875 0.178125 0.06640625 0.09140625
0 0.20859375 0.440625 0.0515625 0.06796875
0 0.534375 0.090625 0.08359375 0.11796875
0 0.5390625 0.3515625 0.0515625 0.09140625
0 0.628125 0.04375 0.078125 0.0875
0 0.36328125 0.05625 0.06171875 0.1125
0 0.4125 0.40078125 0.03828125 0.065625
0 0.95625 0.41484375 0.046875 0.1125
0 0.0875 0.44140625 0.03125 0.103125
0 0.315625 0.740625 0.0390625 0.0640625
0 0.4875 0.36953125 0.05 0.08359375
0 0.028125 0.31875 0.0515625 0.05390625
0 0.25703125 0.671875 0.0296875 0.0984375
0 0.0921875 0.3125 0.05 0.05
0 0.5078125 0.42421875 0.05703125 0.06875