0 0.37109375 0.1890625 0.05625 0.13359375
0 0.709375 0.35234375 0.065625 0.09296875
0 0.5265625 0.5875 0.0703125 0.14453125
0 0.3515625 0.37265625 0.04140625 0.065625
0 0.48984375 0.2046875 0.06875 0.1125
0 0.840625 0.25 0.07421875 0.09453125
0 0.5515625 0.365625 0.0375 0.08203125
0 0.23125 0.46328125 0.0515625 0.07109375
0 0.9703125 0.39609375 0.0515625 0.11640625
0 0.7234375 0.46171875 0.04921875 0.11796875
0 0.1921875 0.25703125 0.0828125 0.1140625
0 0.5640625 0.44765625 0.04921875 0.0875
0 0.090625 0.4515625 0.03984375 0.0859375
0 0.09375 0.31484375 0.04140625 0.05390625
0 0.1671875 0.3140625 0.05625 0.078125
0 0.471875 0.44296875 0.05078125 0.078125
0 0.5078125 0.36171875 0.05390625 0.084375
0 0.51875 0.41796875 0.05546875 0.06953125
0 0.02890625 0.328125 0.0421875 0.0734375