0 0.7671875 0.2984375 0.0703125 0.1109375
0 0.20234375 0.62421875 0.0859375 0.190625
0 0.37265625 0.35234375 0.05625 0.0875
0 0.86796875 0.35390625 0.05 0.1140625
0 0.92734375 0.2890625 0.075 0.13046875
0 0.528125 0.540625 0.06015625 0.08046875
0 0.2296875 0.36484375 0.0484375 0.07109375
0 0.6921875 0.32890625 0.06328125 0.0859375
0 0.1328125 0.4109375 0.04296875 0.0890625
0 0.88125 0.50078125 0.07578125 0.14296875
0 0.7828125 0.4140625 0.05625 0.08359375
0 0.434375 0.41015625 0.04765625 0.07890625
0 0.1453125 0.3203125 0.03671875 0.0515625
0 0.5140625 0.38828125 0.03984375 0.09296875
0 0.02734375 0.334375 0.0421875 0.05859375
0 0.70625 0.42578125 0.04765625 0.09609375
0 0.6453125 0.359375 0.053125 0.09296875
0 0.5453125 0.40078125 0.05 0.08203125
0 0.48671875 0.35546875 0.03125 0.1109375
0 0.4984375 0.30390625 0.04765625 0.0890625