0 0.92578125 0.23515625 0.0765625 0.13203125
0 0.2109375 0.515625 0.03515625 0.084375
0 0.390625 0.28515625 0.0515625 0.090625
0 0.146875 0.26796875 0.05390625 0.153125
0 0.184375 0.34765625 0.05234375 0.065625
0 0.1390625 0.409375 0.04765625 0.09140625
0 0.4265625 0.4765625 0.06640625 0.0859375
0 0.2984375 0.7171875 0.04609375 0.09296875
0 0.55625 0.41171875 0.02890625 0.0625
0 0.69921875 0.284375 0.0703125 0.08359375
0 0.659375 0.32265625 0.06640625 0.08203125
0 0.45546875 0.19765625 0.0484375 0.13203125
0 0.38984375 0.37109375 0.04375 0.071875
0 0.5140625 0.3921875 0.040625 0.0984375
0 0.79453125 0.5453125 0.034375 0.07890625
0 0.678125 0.421875 0.08359375 0.0984375
0 0.7765625 0.509375 0.03515625 0.09296875
0 0.7359375 0.43984375 0.04609375 0.0875
0 0.4765625 0.40234375 0.04921875 0.07109375
0 0.703125 0.3625 0.090625 0.075
0 0.659375 0.41640625 0.04609375 0.0859375
0 0.79375 0.66953125 0.05703125 0.15