0 0.75390625 0.1796875 0.071875 0.11796875
0 0.29453125 0.0421875 0.0625 0.084375
0 0.934375 0.184375 0.084375 0.146875
0 0.41328125 0.36484375 0.0515625 0.11796875
0 0.496875 0.33515625 0.04765625 0.109375
0 0.584375 0.2890625 0.0703125 0.0890625
0 0.165625 0.37265625 0.04453125 0.05703125
0 0.33125 0.3953125 0.04375 0.0875
0 0.7296875 0.371875 0.0515625 0.1015625
0 0.528125 0.4734375 0.028125 0.09453125
0 0.8078125 0.40625 0.05859375 0.09296875
0 0.5578125 0.346875 0.06484375 0.078125
0 0.625 0.42421875 0.05546875 0.08203125
0 0.7984375 0.62890625 0.05078125 0.06953125
0 0.515625 0.3984375 0.03984375 0.08359375
0 0.68359375 0.403125 0.0453125 0.0875
0 0.75 0.440625 0.04296875 0.0734375
0 0.165625 0.8109375 0.06953125 0.1859375
0 0.13046875 0.421875 0.040625 0.05546875
0 0.7734375 0.48515625 0.04140625 0.07890625