0 0.65 0.34375 0.05625 0.109375
0 0.74375 0.65703125 0.04375 0.125
0 0.3796875 0.30546875 0.05703125 0.09453125
0 0.95859375 0.07265625 0.0796875 0.1453125
0 0.43359375 0.3234375 0.0515625 0.08359375
0 0.25 0.67578125 0.028125 0.10390625
0 0.171875 0.46328125 0.05703125 0.0765625
0 0.7140625 0.4234375 0.06484375 0.125
0 0.23984375 0.36796875 0.0515625 0.06953125
0 0.4671875 0.36875 0.05390625 0.07890625
0 0.39375 0.40859375 0.05625 0.078125
0 0.48203125 0.41875 0.03359375 0.10703125
0 0.5171875 0.396875 0.04375 0.10234375
0 0.73203125 0.390625 0.046875 0.09609375
0 0.6453125 0.45390625 0.04453125 0.06640625
0 0.13125 0.228125 0.06015625 0.16953125
0 0.1046875 0.15234375 0.05703125 0.11796875
0 0.08046875 0.3625 0.0578125 0.05390625