0 0.0390625 0.0953125 0.07734375 0.184375
0 0.653125 0.30625 0.04765625 0.115625
0 0.390625 0.23671875 0.06640625 0.08203125
0 0.278125 0.48515625 0.05234375 0.10390625
0 0.7109375 0.359375 0.04921875 0.0890625
0 0.21953125 0.44140625 0.0390625 0.08359375
0 0.51875 0.39921875 0.05390625 0.07109375
0 0.7625 0.43359375 0.04453125 0.08046875
0 0.8 0.525 0.03984375 0.075
0 0.16875 0.43359375 0.04765625 0.096875
0 0.190625 0.49765625 0.05078125 0.08203125
0 0.378125 0.75234375 0.04609375 0.0875
0 0.728125 0.446875 0.03515625 0.071875
0 0.43046875 0.3921875 0.040625 0.05703125
0 0.3328125 0.41015625 0.06328125 0.07890625
0 0.0875 0.36171875 0.03671875 0.1015625
0 0.0203125 0.31875 0.040625 0.165625
0 0.9703125 0.04453125 0.05703125 0.0890625
0 0.384375 0.396875 0.04140625 0.10859375