0 0.665625 0.27265625 0.046875 0.11796875
0 0.321875 0.4515625 0.05390625 0.08046875
0 0.196875 0.528125 0.0515625 0.09453125
0 0.5109375 0.39921875 0.05078125 0.0875
0 0.84296875 0.9328125 0.0421875 0.10703125
0 0.715625 0.359375 0.059375 0.08203125
0 0.2390625 0.4953125 0.04375 0.09609375
0 0.28046875 0.40625 0.0625 0.0734375
0 0.853125 0.515625 0.05 0.06953125
0 0.44140625 0.26796875 0.06875 0.103125
0 0.0921875 0.3703125 0.0421875 0.084375
0 0.7234375 0.46796875 0.05546875 0.1109375
0 0.4140625 0.390625 0.028125 0.0609375
0 0.796875 0.5453125 0.0421875 0.0765625
0 0.040625 0.290625 0.07734375 0.115625
0 0.74375 0.38671875 0.04921875 0.0984375
0 0.140625 0.34296875 0.07578125 0.1109375