0 0.6734375 0.24375 0.06640625 0.11796875
0 0.42265625 0.14765625 0.0609375 0.10390625
0 0.3546875 0.6015625 0.05703125 0.1
0 0.58359375 0.53046875 0.040625 0.0859375
0 0.5984375 0.40078125 0.0421875 0.084375
0 0.940625 0.50546875 0.03671875 0.09140625
0 0.6328125 0.39609375 0.04765625 0.0890625
0 0.36171875 0.36953125 0.0296875 0.05546875
0 0.4109375 0.3703125 0.04140625 0.065625
0 0.86953125 0.4921875 0.046875 0.09609375
0 0.3921875 0.43125 0.04609375 0.0734375
0 0.4453125 0.44375 0.06640625 0.134375
0 0.4625 0.39921875 0.034375 0.0484375
0 0.9765625 0.35625 0.04375 0.10390625