0 0.78671875 0.21875 0.075 0.12109375
0 0.6609375 0.3625 0.0609375 0.1140625
0 0.409375 0.2125 0.04921875 0.10546875
0 0.29375 0.609375 0.05390625 0.1015625
0 0.365625 0.528125 0.04921875 0.09609375
0 0.3078125 0.4984375 0.06328125 0.09453125
0 0.7140625 0.303125 0.06015625 0.09609375
0 0.68515625 0.4640625 0.05 0.0890625
0 0.5125 0.384375 0.04296875 0.09453125
0 0.15625 0.40234375 0.053125 0.0734375
0 0.403125 0.58359375 0.05 0.0890625
0 0.05 0.5265625 0.06484375 0.1109375
0 0.5125 0.47109375 0.05390625 0.071875
0 0.79921875 0.515625 0.0390625 0.0609375
0 0.015625 0.6734375 0.03125 0.0625
0 0.04140625 0.296875 0.04609375 0.06484375
0 0.1015625 0.3109375 0.04453125 0.053125
0 0.72734375 0.4265625 0.04765625 0.08671875