0 0.36875 0.17109375 0.0546875 0.1140625
0 0.51796875 0.39453125 0.0546875 0.103125
0 0.6171875 0.525 0.04765625 0.1
0 0.71875 0.5984375 0.053125 0.0890625
0 0.71875 0.38125 0.04765625 0.0984375
0 0.8171875 0.75546875 0.03984375 0.096875
0 0.646875 0.415625 0.065625 0.09140625
0 0.0265625 0.6125 0.04765625 0.10546875
0 0.428125 0.38828125 0.03359375 0.059375
0 0.11875 0.39609375 0.05234375 0.0609375
0 0.825 0.46328125 0.04375 0.0625
0 0.6953125 0.43515625 0.04765625 0.059375
0 0.3828125 0.3921875 0.05390625 0.065625
0 0.7609375 0.4515625 0.04296875 0.0890625
0 0.8125 0.8546875 0.05078125 0.06796875