0 0.925 0.078125 0.08359375 0.153125
0 0.3453125 0.53515625 0.04375 0.1265625
0 0.4140625 0.1890625 0.07265625 0.09140625
0 0.4359375 0.35546875 0.04453125 0.1
0 0.6671875 0.4453125 0.04140625 0.06796875
0 0.7203125 0.39765625 0.05703125 0.09609375
0 0.7796875 0.73203125 0.059375 0.09453125
0 0.51015625 0.38828125 0.040625 0.084375
0 0.56328125 0.41171875 0.05 0.065625
0 0.7953125 0.83515625 0.04765625 0.084375
0 0.809375 0.59453125 0.0375 0.103125
0 0.08984375 0.384375 0.04375 0.078125
0 0.08359375 0.3 0.0296875 0.08515625
0 0.11796875 0.30234375 0.04140625 0.08046875
0 0.85 0.48203125 0.03984375 0.12421875