0 0.85390625 0.284375 0.0671875 0.0984375
0 0.4171875 0.159375 0.06328125 0.103125
0 0.4421875 0.35859375 0.04609375 0.10859375
0 0.3140625 0.31875 0.04609375 0.07890625
0 0.71015625 0.3953125 0.0515625 0.084375
0 0.5171875 0.39140625 0.05078125 0.0640625
0 0.83515625 0.40390625 0.0671875 0.08359375
0 0.74609375 0.446875 0.0453125 0.07109375
0 0.0203125 0.72265625 0.03984375 0.1015625
0 0.05078125 0.28828125 0.06640625 0.09296875
0 0.84921875 0.51796875 0.053125 0.05859375
0 0.6359375 0.8890625 0.03671875 0.15
0 0.0578125 0.23359375 0.0828125 0.07578125