0 0.41875 0.11015625 0.05546875 0.11796875
0 0.73984375 0.73984375 0.0640625 0.1015625
0 0.71015625 0.3484375 0.0484375 0.10546875
0 0.4328125 0.35625 0.06015625 0.109375
0 0.11640625 0.334375 0.046875 0.1421875
0 0.309375 0.415625 0.05546875 0.06640625
0 0.94609375 0.44609375 0.0625 0.0859375
0 0.7921875 0.034375 0.121875 0.06796875
0 0.878125 0.54453125 0.06171875 0.08359375
0 0.51875 0.39453125 0.05703125 0.078125
0 0.66640625 0.4703125 0.0484375 0.0875
0 0.8109375 0.403125 0.06015625 0.09140625
0 0.825 0.6078125 0.03828125 0.1234375
0 0.0296875 0.2234375 0.05859375 0.1109375
0 0.728125 0.465625 0.07578125 0.08359375
0 0.83515625 0.4515625 0.0421875 0.078125