0 0.5078125 0.22578125 0.05625 0.1375
0 0.38203125 0.1859375 0.0671875 0.096875
0 0.078125 0.1796875 0.06171875 0.08203125
0 0.51875 0.38828125 0.053125 0.084375
0 0.79921875 0.73828125 0.0515625 0.1125
0 0.66640625 0.76171875 0.0390625 0.1625
0 0.40078125 0.89296875 0.0375 0.1109375
0 0.4515625 0.4125 0.05859375 0.075
0 0.8453125 0.61953125 0.04765625 0.071875
0 0.8515625 0.86875 0.04921875 0.065625
0 0.7828125 0.5953125 0.05546875 0.084375
0 0.77265625 0.471875 0.0359375 0.09375
0 0.81484375 0.528125 0.0421875 0.08359375