0 0.10625 0.20703125 0.06640625 0.1140625
0 0.4703125 0.32578125 0.05625 0.115625
0 0.4609375 0.59296875 0.03359375 0.10546875
0 0.79375 0.89765625 0.053125 0.109375
0 0.51875 0.39296875 0.0546875 0.096875
0 0.378125 0.38984375 0.0546875 0.065625
0 0.4171875 0.421875 0.04140625 0.1484375
0 0.871875 0.646875 0.046875 0.0984375
0 0.815625 0.659375 0.04609375 0.11953125
0 0.1390625 0.69453125 0.04453125 0.10859375
0 0.1546875 0.015625 0.0828125 0.03046875
0 0.85078125 0.56953125 0.04375 0.096875
0 0.821875 0.4359375 0.05078125 0.071875