0 0.2421875 0.096875 0.071875 0.1140625
0 0.790625 0.32421875 0.05859375 0.14609375
0 0.45625 0.45078125 0.0375 0.09296875
0 0.521875 0.39609375 0.0421875 0.096875
0 0.37890625 0.38203125 0.0671875 0.09453125
0 0.7546875 0.04453125 0.05234375 0.0890625
0 0.93125 0.7 0.05390625 0.0859375
0 0.87265625 0.5390625 0.05 0.1
0 0.690625 0.609375 0.053125 0.10390625
0 0.8640625 0.81015625 0.0421875 0.09296875
0 0.2140625 0.82421875 0.0296875 0.109375
0 0.73125 0.51484375 0.04453125 0.08203125
0 0.08046875 0.85625 0.0390625 0.059375
0 0.7984375 0.75546875 0.06953125 0.11640625
0 0.0234375 0.43125 0.04609375 0.11015625