0 0.71875 0.1625 0.08125 0.14453125
0 0.6359375 0.60390625 0.04609375 0.096875
0 0.8015625 0.36640625 0.06640625 0.096875
0 0.45703125 0.25703125 0.065625 0.09453125
0 0.5234375 0.39296875 0.0453125 0.0859375
0 0.35625 0.29609375 0.06484375 0.078125
0 0.559375 0.859375 0.028125 0.09453125
0 0.7625 0.81953125 0.075 0.0890625
0 0.7328125 0.52890625 0.05390625 0.08359375
0 0.2625 0.3515625 0.040625 0.1
0 0.0921875 0.3125 0.0515625 0.103125
0 0.3484375 0.4265625 0.06015625 0.08359375
0 0.684375 0.871875 0.0453125 0.171875
0 0.9015625 0.4921875 0.07109375 0.0875
0 0.8296875 0.60078125 0.034375 0.109375
0 0.834375 0.534375 0.04296875 0.0640625
0 0.3078125 0.3890625 0.02890625 0.1109375
0 0.85625 0.471875 0.040625 0.115625
0 0.83203125 0.73828125 0.03359375 0.1109375
0 0.8765625 0.7546875 0.0671875 0.06015625