0 0.403125 0.375 0.05625 0.078125
0 0.521875 0.3375 0.06484375 0.1140625
0 0.940625 0.71328125 0.06796875 0.10390625
0 0.7890625 0.4765625 0.0515625 0.0609375
0 0.8015625 0.38359375 0.06640625 0.0890625
0 0.640625 0.4828125 0.0390625 0.090625
0 0.1453125 0.11640625 0.06796875 0.1109375
0 0.5171875 0.41328125 0.05703125 0.109375
0 0.98046875 0.5109375 0.0359375 0.15859375
0 0.096875 0.12109375 0.05234375 0.13046875
0 0.284375 0.41875 0.05859375 0.0734375
0 0.31796875 0.3515625 0.0359375 0.078125
0 0.228125 0.396875 0.03984375 0.078125
0 0.865625 0.25625 0.11796875 0.24296875
0 0.915625 0.36640625 0.03671875 0.03046875
0 0.93828125 0.48125 0.0234375 0.0765625
0 0.2578125 0.33515625 0.0453125 0.06796875
0 0.0921875 0.3015625 0.0453125 0.06953125
0 0.825 0.65390625 0.02890625 0.1140625
0 0.75625 0.8328125 0.065625 0.08203125
0 0.8453125 0.81953125 0.06015625 0.08359375