0 0.496875 0.1484375 0.040625 0.146875
0 0.896875 0.63203125 0.06484375 0.11953125
0 0.878125 0.384375 0.05703125 0.103125
0 0.60546875 0.34765625 0.065625 0.1015625
0 0.725 0.82265625 0.06953125 0.1015625
0 0.6453125 0.40234375 0.0640625 0.0734375
0 0.52265625 0.3671875 0.05 0.1125
0 0.9109375 0.4578125 0.05546875 0.07109375
0 0.446875 0.859375 0.03671875 0.1109375
0 0.1578125 0.253125 0.05546875 0.10859375
0 0.4921875 0.40078125 0.05078125 0.09609375
0 0.403125 0.378125 0.05703125 0.0984375
0 0.8296875 0.878125 0.04296875 0.075
0 0.125 0.3796875 0.05546875 0.065625
0 0.2796875 0.35078125 0.04140625 0.05703125
0 0.27265625 0.4171875 0.05 0.08203125
0 0.3640625 0.365625 0.05390625 0.071875
0 0.85 0.10234375 0.05546875 0.17890625
0 0.196875 0.32109375 0.0578125 0.08046875
0 0.8484375 0.10234375 0.13984375 0.18203125
0 0.82734375 0.534375 0.0296875 0.0859375