0 0.65625 0.13984375 0.07109375 0.1265625
0 0.6765625 0.37421875 0.06796875 0.084375
0 0.675 0.6796875 0.0484375 0.14296875
0 0.70625 0.796875 0.0703125 0.1
0 0.5234375 0.3484375 0.046875 0.13046875
0 0.253125 0.3140625 0.05078125 0.09140625
0 0.83046875 0.446875 0.053125 0.05546875
0 0.84140625 0.3765625 0.065625 0.1
0 0.43046875 0.32734375 0.0484375 0.09609375
0 0.3640625 0.60078125 0.03359375 0.12109375
0 0.590625 0.42109375 0.05390625 0.0640625
0 0.378125 0.903125 0.028125 0.103125
0 0.4140625 0.45 0.04140625 0.096875
0 0.2765625 0.42421875 0.04453125 0.07890625
0 0.46875 0.40078125 0.03359375 0.04609375
0 0.3828125 0.3734375 0.05234375 0.06640625
0 0.784375 0.4203125 0.03359375 0.090625
0 0.14453125 0.21015625 0.0421875 0.0875
0 0.1 0.39765625 0.05546875 0.059375
0 0.12578125 0.1734375 0.046875 0.125
0 0.05859375 0.2671875 0.0546875 0.065625
0 0.81953125 0.49453125 0.053125 0.08046875