0 0.13046875 0.18515625 0.0765625 0.1375
0 0.74609375 0.6921875 0.0640625 0.109375
0 0.64375 0.615625 0.0703125 0.07890625
0 0.2515625 0.31171875 0.053125 0.084375
0 0.75234375 0.0484375 0.0734375 0.096875
0 0.68125 0.759375 0.05390625 0.12109375
0 0.7609375 0.39375 0.04296875 0.0984375
0 0.0546875 0.77109375 0.04609375 0.08046875
0 0.721875 0.428125 0.05859375 0.1
0 0.68984375 0.33359375 0.0875 0.153125
0 0.1015625 0.42578125 0.04609375 0.115625
0 0.809375 0.3921875 0.0625 0.09609375
0 0.678125 0.3609375 0.0640625 0.09453125
0 0.303125 0.43359375 0.05234375 0.078125
0 0.39296875 0.403125 0.0515625 0.1140625
0 0.5140625 0.35390625 0.065625 0.14140625