0 0.18046875 0.1890625 0.0671875 0.10546875
0 0.41015625 0.3546875 0.0625 0.1015625
0 0.8046875 0.1125 0.06484375 0.14140625
0 0.65078125 0.53046875 0.05625 0.125
0 0.04140625 0.3640625 0.03984375 0.1203125
0 0.1171875 0.315625 0.0421875 0.115625
0 0.6140625 0.4578125 0.04921875 0.12109375
0 0.48125 0.465625 0.0734375 0.096875
0 0.3140625 0.29609375 0.0671875 0.103125
0 0.3125 0.36796875 0.05234375 0.09140625
0 0.6640625 0.409375 0.0421875 0.0890625
0 0.7140625 0.440625 0.05625 0.0765625
0 0.85390625 0.446875 0.05546875 0.08359375
0 0.8078125 0.5375 0.03828125 0.0890625
0 0.2390625 0.27265625 0.05546875 0.115625
0 0.2703125 0.2703125 0.04453125 0.10390625
0 0.76171875 0.5078125 0.0625 0.0984375