0 0.734375 0.3578125 0.08125 0.1234375
0 0.49375 0.65390625 0.05 0.11953125
0 0.303125 0.1796875 0.06328125 0.109375
0 0.24140625 0.15859375 0.06875 0.1109375
0 0.4171875 0.3875 0.04296875 0.05859375
0 0.496875 0.44140625 0.05234375 0.071875
0 0.734375 0.5296875 0.04765625 0.0875
0 0.8015625 0.44453125 0.04140625 0.06953125
0 0.075 0.2859375 0.04609375 0.096875
0 0.25 0.2734375 0.05234375 0.08359375
0 0.8609375 0.50859375 0.04453125 0.09453125
0 0.2015625 0.24375 0.05859375 0.09296875
0 0.01875 0.26171875 0.03671875 0.07109375
0 0.4390625 0.50859375 0.04921875 0.09453125
0 0.90234375 0.4609375 0.0484375 0.08125