0 0.48125 0.40859375 0.06953125 0.121875
0 0.45625 0.53671875 0.07578125 0.1265625
0 0.77890625 0.34375 0.0859375 0.109375
0 0.2046875 0.0796875 0.06171875 0.1015625
0 0.890625 0.559375 0.06015625 0.1
0 0.7609375 0.45859375 0.0921875 0.1140625
0 0.14453125 0.065625 0.075 0.11953125
0 0.2453125 0.29296875 0.0453125 0.0859375
0 0.8984375 0.45703125 0.03515625 0.0859375
0 0.846875 0.434375 0.06796875 0.0734375
0 0.8421875 0.3625 0.06640625 0.096875
0 0.209375 0.2953125 0.0421875 0.090625
0 0.884375 0.4625 0.06171875 0.1