0 0.50546875 0.465625 0.04375 0.09140625
0 0.1203125 0.0609375 0.06171875 0.0859375
0 0.80078125 0.309375 0.046875 0.1359375
0 0.2 0.28046875 0.0640625 0.096875
0 0.40078125 0.5 0.0609375 0.1359375
0 0.54140625 0.403125 0.053125 0.075
0 0.859375 0.33203125 0.08125 0.1
0 0.9359375 0.41796875 0.0578125 0.096875
0 0.9265625 0.334375 0.05625 0.09140625
0 0.7046875 0.49921875 0.02578125 0.07890625
0 0.5734375 0.4875 0.0453125 0.096875
0 0.16171875 0.0296875 0.0640625 0.059375
0 0.6015625 0.4359375 0.05234375 0.05859375
0 0.8359375 0.5171875 0.0609375 0.07109375
0 0.8703125 0.48359375 0.053125 0.1125
0 0.071875 0.48515625 0.06015625 0.08515625