0 0.090625 0.0546875 0.07109375 0.109375
0 0.55859375 0.3875 0.05 0.096875
0 0.2578125 0.28125 0.06015625 0.1015625
0 0.79140625 0.38984375 0.046875 0.09609375
0 0.975 0.25 0.046875 0.09453125
0 0.9484375 0.37890625 0.05078125 0.1140625
0 0.8921875 0.50546875 0.05234375 0.0859375
0 0.6125 0.45 0.05390625 0.075
0 0.728125 0.50859375 0.03984375 0.1
0 0.1484375 0.6921875 0.04375 0.0765625
0 0.84453125 0.515625 0.040625 0.05859375
0 0.884375 0.3765625 0.08046875 0.11640625
0 0.05703125 0.49765625 0.0609375 0.10546875