0 0.9390625 0.2203125 0.08984375 0.11796875
0 0.33515625 0.284375 0.078125 0.13359375
0 0.26484375 0.05390625 0.0640625 0.1078125
0 0.38828125 0.096875 0.0609375 0.125
0 0.384375 0.4015625 0.0484375 0.071875
0 0.3453125 0.06640625 0.059375 0.1328125
0 0.0296875 0.28515625 0.05859375 0.08203125
0 0.8921875 0.44453125 0.1203125 0.3
0 0.2015625 0.0140625 0.040625 0.028125
0 0.0359375 0.621875 0.06015625 0.0609375
0 0.7078125 0.446875 0.053125 0.071875
0 0.84296875 0.63359375 0.05 0.0890625
0 0.86875 0.55234375 0.04296875 0.0984375
0 0.7921875 0.42109375 0.05703125 0.08359375
0 0.9765625 0.03828125 0.04609375 0.0765625
0 0.0203125 0.553125 0.040625 0.07890625
0 0.8296875 0.43515625 0.06015625 0.0984375