0 0.471875 0.61796875 0.040625 0.103125
0 0.221875 0.15859375 0.05703125 0.08046875
0 0.38203125 0.66875 0.05625 0.0875
0 0.7796875 0.78984375 0.04453125 0.115625
0 0.846875 0.31953125 0.06640625 0.1140625
0 0.19765625 0.06796875 0.08125 0.1359375
0 0.73046875 0.421875 0.0578125 0.078125
0 0.946875 0.4375 0.04609375 0.103125
0 0.0671875 0.55078125 0.05234375 0.07109375
0 0.57890625 0.8953125 0.0765625 0.10390625
0 0.828125 0.609375 0.03359375 0.090625
0 0.33203125 0.065625 0.0578125 0.13125
0 0.0171875 0.2421875 0.03359375 0.0984375
0 0.7921875 0.4578125 0.04140625 0.0734375
0 0.8546875 0.5375 0.06484375 0.1109375