0 0.4625 0.0734375 0.0546875 0.146875
0 0.12109375 0.54765625 0.0578125 0.08203125
0 0.46015625 0.61484375 0.0609375 0.1484375
0 0.78359375 0.3953125 0.0640625 0.0984375
0 0.6234375 0.5 0.04453125 0.0859375
0 0.95859375 0.403125 0.0453125 0.0984375
0 0.89921875 0.28203125 0.078125 0.09453125
0 0.90625 0.36171875 0.06328125 0.10703125
0 0.221875 0.20390625 0.04453125 0.08046875
0 0.0375 0.275 0.06484375 0.11640625
0 0.7265625 0.446875 0.040625 0.06640625
0 0.103125 0.309375 0.03046875 0.05
0 0.828125 0.5984375 0.028125 0.075
0 0.19609375 0.12578125 0.0640625 0.115625
0 0.8453125 0.49140625 0.0484375 0.05546875
0 0.01640625 0.6171875 0.0328125 0.05703125