0 0.35859375 0.51953125 0.053125 0.096875
0 0.9625 0.18046875 0.07109375 0.11640625
0 0.471875 0.5953125 0.04453125 0.10703125
0 0.521875 0.06171875 0.05390625 0.1234375
0 0.48125 0.49375 0.08203125 0.0875
0 0.19453125 0.15703125 0.0609375 0.1140625
0 0.1875 0.40078125 0.03984375 0.084375
0 0.22890625 0.23046875 0.053125 0.0890625
0 0.9265625 0.7890625 0.05234375 0.103125
0 0.9734375 0.38359375 0.0484375 0.096875
0 0.72734375 0.496875 0.046875 0.16953125
0 0.23828125 0.88671875 0.07890625 0.13515625
0 0.8265625 0.56328125 0.03203125 0.07890625
0 0.05390625 0.26015625 0.0671875 0.084375
0 0.35390625 0.046875 0.0421875 0.09375
0 0.0125 0.37109375 0.025 0.1078125
0 0.74765625 0.5125 0.04140625 0.175