0 0.6109375 0.38203125 0.05 0.08046875
0 0.31875 0.33984375 0.04765625 0.09609375
0 0.659375 0.4140625 0.046875 0.09453125
0 0.975 0.5265625 0.04765625 0.1109375
0 0.9234375 0.35625 0.04921875 0.1171875
0 0.96171875 0.30078125 0.04765625 0.134375
0 0.0953125 0.2828125 0.0484375 0.07890625
0 0.596875 0.6484375 0.03046875 0.10859375
0 0.12734375 0.384375 0.05 0.0734375
0 0.2453125 0.309375 0.04296875 0.0734375
0 0.3625 0.75859375 0.08203125 0.1359375
0 0.2203125 0.23515625 0.05703125 0.10390625
0 0.825 0.53515625 0.03203125 0.0765625
0 0.82578125 0.45234375 0.0546875 0.08984375