0 0.5171875 0.06171875 0.06640625 0.1234375
0 0.94375 0.29453125 0.10859375 0.1140625
0 0.67734375 0.6546875 0.0546875 0.109375
0 0.5828125 0.328125 0.0796875 0.1015625
0 0.2328125 0.30078125 0.05703125 0.11796875
0 0.6515625 0.36953125 0.05234375 0.1
0 0.7078125 0.47578125 0.04921875 0.0765625
0 0.0765625 0.56875 0.03125 0.1015625
0 0.73828125 0.78203125 0.0359375 0.1109375
0 0.3171875 0.321875 0.03984375 0.08359375
0 0.2921875 0.3640625 0.0484375 0.046875
0 0.8109375 0.4953125 0.03515625 0.10078125
0 0.03203125 0.278125 0.0640625 0.06640625
0 0.4859375 0.409375 0.0609375 0.0875
0 0.84921875 0.4453125 0.04140625 0.1140625