0 0.903125 0.28046875 0.1 0.10546875
0 0.3390625 0.271875 0.07109375 0.1
0 0.86953125 0.84921875 0.0578125 0.115625
0 0.5890625 0.359375 0.07421875 0.084375
0 0.4765625 0.271875 0.05234375 0.1125
0 0.4953125 0.046875 0.053125 0.09296875
0 0.221875 0.309375 0.059375 0.1125
0 0.4 0.384375 0.03671875 0.0875
0 0.51171875 0.33125 0.0515625 0.10390625
0 0.94453125 0.73828125 0.065625 0.1421875
0 0.0828125 0.40546875 0.04609375 0.0890625
0 0.034375 0.278125 0.04375 0.065625
0 0.69375 0.471875 0.03671875 0.078125
0 0.690625 0.5578125 0.04921875 0.090625
0 0.6421875 0.43671875 0.03203125 0.090625
0 0.6578125 0.025 0.025 0.05
0 0.834375 0.465625 0.06796875 0.10703125