0 0.665625 0.31328125 0.06796875 0.13203125
0 0.20234375 0.228125 0.0609375 0.10859375
0 0.17890625 0.0578125 0.059375 0.115625
0 0.76328125 0.37265625 0.05 0.1125
0 0.9328125 0.46328125 0.04296875 0.07109375
0 0.7390625 0.709375 0.03828125 0.1015625
0 0.24921875 0.08359375 0.059375 0.1359375
0 0.4171875 0.38203125 0.03046875 0.05859375
0 0.8296875 0.40859375 0.07109375 0.10546875
0 0.4796875 0.3515625 0.05703125 0.153125
0 0.4015625 0.325 0.04765625 0.09453125
0 0.02421875 0.26875 0.046875 0.0765625
0 0.765625 0.553125 0.04765625 0.09140625
0 0.034375 0.36484375 0.03984375 0.090625