0 0.2984375 0.16953125 0.07109375 0.10859375
0 0.1234375 0.38203125 0.0390625 0.078125
0 0.66015625 0.67578125 0.04375 0.10390625
0 0.48046875 0.215625 0.040625 0.09296875
0 0.2625 0.19921875 0.06328125 0.12109375
0 0.49453125 0.309375 0.0546875 0.09140625
0 0.025 0.190625 0.05 0.103125
0 0.278125 0.4734375 0.0515625 0.08359375
0 0.76953125 0.46953125 0.034375 0.09453125
0 0.2859375 0.31875 0.05703125 0.08203125
0 0.35703125 0.39921875 0.0421875 0.084375
0 0.71875 0.534375 0.05625 0.0734375
0 0.4453125 0.44375 0.04140625 0.09296875
0 0.31796875 0.4359375 0.0484375 0.078125
0 0.6109375 0.69296875 0.05859375 0.078125
0 0.4671875 0.3765625 0.04453125 0.0890625
0 0.8671875 0.5328125 0.03828125 0.0984375
0 0.82890625 0.54453125 0.0375 0.075
0 0.87421875 0.47734375 0.0625 0.084375
0 0.6171875 0.44921875 0.03671875 0.065625
0 0.8484375 0.534375 0.0765625 0.1015625