0 0.184375 0.159375 0.06328125 0.0984375
0 0.546875 0.34609375 0.05546875 0.0859375
0 0.41484375 0.75703125 0.0296875 0.096875
0 0.834375 0.259375 0.07734375 0.14453125
0 0.4765625 0.38125 0.0546875 0.084375
0 0.7609375 0.58828125 0.0375 0.08671875
0 0.78671875 0.5109375 0.028125 0.09453125
0 0.8234375 0.4375 0.06015625 0.11015625
0 0.79453125 0.62265625 0.03203125 0.1203125
0 0.7328125 0.51953125 0.03515625 0.0953125
0 0.82578125 0.64296875 0.0359375 0.1171875
0 0.11640625 0.3453125 0.0546875 0.06484375
0 0.02265625 0.34609375 0.0453125 0.0796875
0 0.04453125 0.26953125 0.06015625 0.059375
0 0.83359375 0.55859375 0.03203125 0.096875