0 0.28125 0.07265625 0.06015625 0.115625
0 0.1453125 0.07421875 0.06796875 0.12890625
0 0.1984375 0.25234375 0.0609375 0.0984375
0 0.56015625 0.54765625 0.0546875 0.12109375
0 0.75 0.640625 0.06640625 0.1
0 0.46875 0.540625 0.12265625 0.14453125
0 0.68828125 0.47890625 0.053125 0.075
0 0.5375 0.403125 0.07421875 0.0765625
0 0.496875 0.940625 0.05 0.1125
0 0.740625 0.496875 0.05 0.09609375
0 0.19375 0.85 0.10234375 0.15859375
0 0.446875 0.39609375 0.04765625 0.046875
0 0.26328125 0.36015625 0.03125 0.05390625
0 0.7953125 0.546875 0.04140625 0.1
0 0.8421875 0.50390625 0.07734375 0.0890625
0 0.80859375 0.434375 0.07578125 0.09140625
0 0.09453125 0.32734375 0.05546875 0.07265625
0 0.0203125 0.33984375 0.040625 0.1078125