0 0.3265625 0.265625 0.0546875 0.0984375
0 0.61875 0.42421875 0.07265625 0.15390625
0 0.6171875 0.2953125 0.05078125 0.11796875
0 0.6640625 0.646875 0.059375 0.10703125
0 0.09375 0.43984375 0.05078125 0.0984375
0 0.721875 0.590625 0.07734375 0.1015625
0 0.5484375 0.44296875 0.05078125 0.078125
0 0.21484375 0.334375 0.034375 0.0734375
0 0.7296875 0.5359375 0.07265625 0.08359375
0 0.115625 0.04140625 0.1125 0.0828125
0 0.45 0.3984375 0.04296875 0.046875
0 0.2984375 0.353125 0.03359375 0.05859375
0 0.85859375 0.4296875 0.0625 0.084375
0 0.790625 0.52734375 0.03671875 0.090625
0 0.775 0.43984375 0.09609375 0.10390625
0 0.0234375 0.31640625 0.046875 0.08046875
0 0.0171875 0.246875 0.03359375 0.04453125