0 0.3640625 0.32890625 0.04921875 0.08046875
0 0.5078125 0.2109375 0.08203125 0.08828125
0 0.0171875 0.1 0.034375 0.0640625
0 0.78359375 0.315625 0.059375 0.08359375
0 0.24375 0.15703125 0.07578125 0.1359375
0 0.7875 0.40078125 0.0390625 0.0875
0 0.71875 0.4375 0.03046875 0.05859375
0 0.66875 0.43984375 0.03671875 0.0734375
0 0.4421875 0.390625 0.0375 0.0515625
0 0.75625 0.653125 0.05 0.1140625
0 0.8390625 0.3796875 0.0578125 0.14140625
0 0.7796875 0.5171875 0.02734375 0.07890625
0 0.690625 0.44375 0.0265625 0.07109375
0 0.8046875 0.578125 0.0359375 0.06640625
0 0.0328125 0.303125 0.065625 0.0734375
0 0.52734375 0.16953125 0.06796875 0.0625
0 0.94296875 0.54375 0.0203125 0.0890625