0 0.2359375 0.7265625 0.0515625 0.103125
0 0.571875 0.496875 0.0359375 0.0859375
0 0.46015625 0.37734375 0.0640625 0.090625
0 0.7703125 0.2796875 0.075 0.1015625
0 0.3421875 0.428125 0.05546875 0.14453125
0 0.7890625 0.684375 0.04921875 0.10390625
0 0.5 0.9578125 0.040625 0.07890625
0 0.296875 0.234375 0.0625 0.09609375
0 0.8359375 0.34921875 0.065625 0.109375
0 0.03359375 0.121875 0.0671875 0.0765625
0 0.253125 0.253125 0.04140625 0.1265625
0 0.7921875 0.39140625 0.059375 0.1
0 0.88125 0.4828125 0.0734375 0.1125
0 0.7578125 0.48515625 0.0375 0.08203125
0 0.759375 0.36953125 0.04921875 0.09140625
0 0.58828125 0.81796875 0.0390625 0.1
0 0.8375 0.53046875 0.0359375 0.06953125
0 0.01953125 0.44375 0.034375 0.109375
0 0.659375 0.44765625 0.046875 0.0640625