0 0.3515625 0.20234375 0.0625 0.0984375
0 0.78359375 0.271875 0.065625 0.1125
0 0.27578125 0.3234375 0.0578125 0.103125
0 0.2546875 0.440625 0.0453125 0.11796875
0 0.4828125 0.39296875 0.04296875 0.0890625
0 0.9453125 0.053125 0.06875 0.10625
0 0.61328125 0.315625 0.0640625 0.0984375
0 0.571875 0.26484375 0.0578125 0.090625
0 0.265625 0.7859375 0.04296875 0.128125
0 0.36953125 0.3796875 0.046875 0.0484375
0 0.4359375 0.396875 0.0484375 0.053125
0 0.54765625 0.4109375 0.0421875 0.06640625
0 0.7671875 0.403125 0.05859375 0.08046875
0 0.784375 0.646875 0.0421875 0.103125
0 0.58671875 0.44921875 0.053125 0.0875
0 0.8203125 0.6765625 0.04140625 0.1140625
0 0.73828125 0.45078125 0.065625 0.1015625
0 0.828125 0.56953125 0.02890625 0.0890625
0 0.809375 0.4234375 0.04921875 0.09453125
0 0.0359375 0.3 0.0609375 0.08125