0 0.434375 0.25390625 0.05234375 0.1109375
0 0.91328125 0.646875 0.053125 0.1375
0 0.3 0.228125 0.04921875 0.1015625
0 0.6671875 0.1125 0.08515625 0.11953125
0 0.35 0.396875 0.0515625 0.08203125
0 0.49375 0.32421875 0.06171875 0.08203125
0 0.55078125 0.4171875 0.0421875 0.0984375
0 0.2109375 0.43828125 0.06484375 0.0875
0 0.453125 0.38984375 0.0515625 0.0875
0 0.2890625 0.41484375 0.04296875 0.090625
0 0.84453125 0.31328125 0.06875 0.0984375
0 0.609375 0.434375 0.03203125 0.065625
0 0.71640625 0.45859375 0.03828125 0.0609375
0 0.78046875 0.46171875 0.03125 0.07734375
0 0.8265625 0.4671875 0.0421875 0.08046875
0 0.8734375 0.38046875 0.06640625 0.059375
0 0.759375 0.3609375 0.04921875 0.09140625
0 0.2609375 0.25703125 0.05078125 0.11640625
0 0.278125 0.34765625 0.04140625 0.05390625
0 0.8046875 0.365625 0.05078125 0.10390625
0 0.2484375 0.39375 0.03984375 0.07109375
0 0.73671875 0.10234375 0.0765625 0.10703125
0 0.846875 0.70625 0.04921875 0.09609375
0 0.84140625 0.50546875 0.0390625 0.05859375