0 0.671875 0.67734375 0.05390625 0.09296875
0 0.24609375 0.31171875 0.0453125 0.12109375
0 0.93046875 0.753125 0.0671875 0.0640625
0 0.3953125 0.03125 0.05078125 0.0625
0 0.60078125 0.3765625 0.05 0.09453125
0 0.778125 0.275 0.06328125 0.1109375
0 0.4640625 0.39921875 0.04296875 0.0765625
0 0.6328125 0.034375 0.06328125 0.06796875
0 0.2296875 0.409375 0.0390625 0.07890625
0 0.8015625 0.4015625 0.04921875 0.075
0 0.3171875 0.371875 0.03984375 0.08359375
0 0.57578125 0.421875 0.046875 0.1
0 0.709375 0.45546875 0.0359375 0.05859375
0 0.81953125 0.35234375 0.065625 0.084375
0 0.896875 0.421875 0.04453125 0.08046875
0 0.8125 0.46875 0.04375 0.059375
0 0.734375 0.4296875 0.04375 0.115625
0 0.50078125 0.8703125 0.0359375 0.134375
0 0.44375 0.36015625 0.05234375 0.1015625
0 0.65390625 0.09765625 0.053125 0.11796875
0 0.8609375 0.37734375 0.0578125 0.07890625
0 0.40546875 0.39140625 0.034375 0.13359375
0 0.828125 0.28828125 0.06484375 0.09296875
0 0.0234375 0.2890625 0.04609375 0.096875
0 0.1359375 0.31328125 0.0640625 0.06796875
0 0.66484375 0.1734375 0.065625 0.10546875