0 0.3515625 0.35546875 0.0546875 0.1
0 0.57421875 0.4109375 0.0546875 0.08046875
0 0.70859375 0.640625 0.059375 0.14453125
0 0.9078125 0.3234375 0.0796875 0.1140625
0 0.7296875 0.425 0.06796875 0.11953125
0 0.884375 0.48046875 0.06796875 0.1109375
0 0.9328125 0.05703125 0.0890625 0.1140625
0 0.5078125 0.42890625 0.03828125 0.09453125
0 0.1921875 0.3203125 0.04921875 0.07109375
0 0.4546875 0.4 0.05234375 0.071875
0 0.628125 0.09921875 0.05 0.13203125
0 0.85 0.45234375 0.0453125 0.07890625
0 0.596875 0.0484375 0.059375 0.096875
0 0.7015625 0.0328125 0.0640625 0.065625
0 0.68125 0.51953125 0.04140625 0.09453125
0 0.80234375 0.459375 0.05625 0.07890625
0 0.08125 0.346875 0.05234375 0.0703125