0 0.88046875 0.46328125 0.0546875 0.14296875
0 0.58046875 0.39375 0.0640625 0.09609375
0 0.68203125 0.790625 0.04375 0.146875
0 0.540625 0.13046875 0.07109375 0.121875
0 0.5046875 0.24140625 0.0875 0.14453125
0 0.475 0.4046875 0.07890625 0.084375
0 0.5734375 0.0671875 0.06484375 0.134375
0 0.121875 0.790625 0.03515625 0.11953125
0 0.246875 0.33125 0.03671875 0.090625
0 0.71875 0.44921875 0.04765625 0.07890625
0 0.6671875 0.434375 0.05390625 0.0625
0 0.8 0.46171875 0.06171875 0.084375
0 0.28828125 0.309375 0.05625 0.071875
0 0.0640625 0.296875 0.06015625 0.04140625
0 0.903125 0.50859375 0.02734375 0.09921875