0 0.2 0.2625 0.065625 0.0890625
0 0.5390625 0.19140625 0.06015625 0.1140625
0 0.5953125 0.39140625 0.0609375 0.08046875
0 0.71875 0.45078125 0.03828125 0.07890625
0 0.59921875 0.8359375 0.0390625 0.11953125
0 0.1296875 0.29375 0.06171875 0.0734375
0 0.48984375 0.10078125 0.08125 0.16015625
0 0.8546875 0.496875 0.0484375 0.0734375
0 0.5484375 0.4421875 0.0296875 0.0875
0 0.484375 0.3984375 0.065625 0.06640625
0 0.8015625 0.46328125 0.04921875 0.09296875
0 0.06953125 0.29921875 0.05859375 0.06171875