0 0.38984375 0.10703125 0.05625 0.09453125
0 0.515625 0.2890625 0.04921875 0.09140625
0 0.225 0.41015625 0.03828125 0.1234375
0 0.47265625 0.1546875 0.0609375 0.1234375
0 0.9046875 0.740625 0.03515625 0.12109375
0 0.73984375 0.47578125 0.06875 0.1375
0 0.584375 0.4015625 0.0671875 0.0859375
0 0.88125 0.471875 0.07265625 0.1234375
0 0.625 0.36328125 0.0578125 0.115625
0 0.8125 0.46953125 0.0359375 0.06953125
0 0.915625 0.365625 0.0359375 0.02890625
0 0.678125 0.60390625 0.03046875 0.1140625
0 0.52578125 0.18984375 0.0484375 0.10390625
0 0.14765625 0.2984375 0.0578125 0.0609375
0 0.0828125 0.284375 0.04921875 0.06640625
0 0.04375 0.271875 0.04765625 0.078125