0 0.4546875 0.14375 0.07421875 0.10390625
0 0.80859375 0.0609375 0.084375 0.121875
0 0.58203125 0.0453125 0.084375 0.090625
0 0.38125 0.26015625 0.0484375 0.0875
0 0.5265625 0.309375 0.05390625 0.09453125
0 0.49375 0.35625 0.04296875 0.09296875
0 0.528125 0.47890625 0.03515625 0.053125
0 0.08203125 0.61875 0.0390625 0.09609375
0 0.08125 0.246875 0.06328125 0.09140625
0 0.9515625 0.42734375 0.04765625 0.090625
0 0.6078125 0.421875 0.0375 0.0875
0 0.0328125 0.28046875 0.05390625 0.071875
0 0.69765625 0.47890625 0.13046875 0.38125
0 0.84375 0.5 0.06796875 0.1390625