0 0.159375 0.240625 0.06796875 0.14453125
0 0.4265625 0.321875 0.0484375 0.09140625
0 0.62890625 0.3796875 0.0625 0.0875
0 0.76015625 0.40078125 0.04375 0.084375
0 0.8125 0.3625 0.0515625 0.11640625
0 0.865625 0.5125 0.05390625 0.075
0 0.63125 0.4359375 0.04296875 0.06953125
0 0.04609375 0.25546875 0.0703125 0.08046875
0 0.728125 0.4484375 0.0359375 0.0640625
0 0.7 0.38828125 0.05234375 0.09296875
0 0.015625 0.31953125 0.03125 0.0453125
0 0.81484375 0.47734375 0.0390625 0.059375
0 0.8421875 0.43046875 0.07578125 0.096875