0 0.4453125 0.18984375 0.0703125 0.109375
0 0.3265625 0.31640625 0.03671875 0.1140625
0 0.6234375 0.378125 0.06796875 0.103125
0 0.559375 0.33515625 0.05859375 0.090625
0 0.1359375 0.178125 0.05234375 0.11640625
0 0.2015625 0.3 0.06015625 0.075
0 0.075 0.1515625 0.06953125 0.09453125
0 0.5109375 0.415625 0.0640625 0.0625
0 0.4015625 0.9671875 0.0359375 0.059375
0 0.02890625 0.35 0.0515625 0.0859375
0 0.05703125 0.271875 0.0609375 0.05546875
0 0.765625 0.46953125 0.040625 0.06640625
0 0.809375 0.4703125 0.0375 0.06953125