0 0.4015625 0.22578125 0.05703125 0.1015625
0 0.1296875 0.18671875 0.0546875 0.1125
0 0.0671875 0.1125 0.06484375 0.121875
0 0.14140625 0.459375 0.0390625 0.15859375
0 0.3109375 0.325 0.05390625 0.071875
0 0.5546875 0.3171875 0.065625 0.08203125
0 0.6109375 0.36015625 0.05390625 0.08203125
0 0.759375 0.425 0.04609375 0.08359375
0 0.7859375 0.584375 0.0390625 0.084375
0 0.53046875 0.42421875 0.053125 0.1234375
0 0.75234375 0.5140625 0.0375 0.075
0 0.80703125 0.46015625 0.0765625 0.0875
0 0.440625 0.3875 0.0390625 0.05859375
0 0.0578125 0.315625 0.05234375 0.07109375
0 0.1 0.3046875 0.01953125 0.059375
0 0.01484375 0.340625 0.0296875 0.0484375