0 0.0859375 0.0921875 0.07265625 0.10390625
0 0.125 0.1734375 0.04609375 0.1140625
0 0.5890625 0.37578125 0.06015625 0.08203125
0 0.7859375 0.75703125 0.04140625 0.096875
0 0.540625 0.321875 0.07109375 0.096875
0 0.6125 0.46484375 0.05390625 0.1015625
0 0.80234375 0.35703125 0.0640625 0.0890625
0 0.41015625 0.33359375 0.0515625 0.08046875
0 0.4953125 0.415625 0.071875 0.146875
0 0.3453125 0.33828125 0.04765625 0.07890625
0 0.8171875 0.409375 0.0890625 0.11796875
0 0.36875 0.284375 0.065625 0.1
0 0.0859375 0.29296875 0.040625 0.078125