0 0.9203125 0.62890625 0.06328125 0.09140625
0 0.0984375 0.0328125 0.0671875 0.065625
0 0.70703125 0.28046875 0.0453125 0.1
0 0.7640625 0.434375 0.05546875 0.0890625
0 0.925 0.17265625 0.0765625 0.0984375
0 0.15625 0.30546875 0.04375 0.075
0 0.8609375 0.38984375 0.06015625 0.08203125
0 0.65625 0.64921875 0.04921875 0.10703125
0 0.8578125 0.54296875 0.05390625 0.08515625
0 0.8921875 0.52109375 0.06015625 0.0984375
0 0.709375 0.54921875 0.0453125 0.10703125
0 0.0703125 0.25546875 0.06484375 0.14453125
0 0.68671875 0.97109375 0.0546875 0.05546875
0 0.01875 0.36171875 0.03671875 0.05390625
0 0.01171875 0.28203125 0.0234375 0.11953125
0 0.0078125 0.41796875 0.015625 0.071875
0 0.3546875 0.38046875 0.0359375 0.07265625