0 0.2953125 0.109375 0.06328125 0.103125
0 0.73125 0.29140625 0.06796875 0.125
0 0.6609375 0.44921875 0.07265625 0.15390625
0 0.8046875 0.34296875 0.05625 0.09453125
0 0.08515625 0.25546875 0.0640625 0.11953125
0 0.6359375 0.69609375 0.05390625 0.0890625
0 0.8828125 0.65703125 0.046875 0.11640625
0 0.7515625 0.54296875 0.06171875 0.0859375
0 0.12578125 0.03515625 0.0765625 0.0703125
0 0.8609375 0.38671875 0.05546875 0.0734375
0 0.97265625 0.24921875 0.0484375 0.10390625
0 0.79765625 0.57421875 0.0359375 0.11796875
0 0.15546875 0.30859375 0.0546875 0.075
0 0.85 0.51953125 0.04453125 0.06953125
0 0.81875 0.43671875 0.06015625 0.0734375
0 0.0171875 0.3703125 0.03359375 0.065625
0 0.3421875 0.37734375 0.04453125 0.05703125
0 0.0078125 0.2984375 0.015625 0.084375
0 0.71640625 0.2046875 0.06484375 0.0890625