0 0.23828125 0.19296875 0.0703125 0.125
0 0.7890625 0.31328125 0.06875 0.115625
0 0.3140625 0.38671875 0.05625 0.05703125
0 0.9203125 0.6453125 0.06015625 0.1015625
0 0.359375 0.25390625 0.05625 0.10859375
0 0.08515625 0.228125 0.05625 0.103125
0 0.8546875 0.33671875 0.053125 0.10703125
0 0.7234375 0.309375 0.06953125 0.13203125
0 0.7125 0.13046875 0.06328125 0.1390625
0 0.884375 0.521875 0.06171875 0.090625
0 0.70625 0.471875 0.06171875 0.18203125
0 0.60703125 0.74765625 0.0453125 0.10390625
0 0.9515625 0.32421875 0.0734375 0.10390625
0 0.15546875 0.31328125 0.0609375 0.065625
0 0.7703125 0.46015625 0.03671875 0.07890625
0 0.84140625 0.4859375 0.05 0.0796875
0 0.8765625 0.40703125 0.0515625 0.06640625
0 0.01171875 0.3109375 0.0234375 0.11640625
0 0.7953125 0.54453125 0.040625 0.09296875