0 0.6671875 0.34921875 0.0640625 0.09296875
0 0.7828125 0.24296875 0.06796875 0.1390625
0 0.0828125 0.22265625 0.0640625 0.10390625
0 0.275 0.39765625 0.05 0.07109375
0 0.878125 0.54765625 0.0640625 0.09609375
0 0.378125 0.36171875 0.05390625 0.090625
0 0.775 0.38984375 0.04375 0.10390625
0 0.8734375 0.42890625 0.05390625 0.0859375
0 0.825 0.40390625 0.05078125 0.09453125
0 0.1625 0.39296875 0.03984375 0.103125
0 0.94140625 0.415625 0.0515625 0.08046875
0 0.64140625 0.80078125 0.0546875 0.0875
0 0.1359375 0.31796875 0.028125 0.06953125
0 0.78125 0.009375 0.08828125 0.01796875