0 0.1203125 0.24296875 0.084375 0.121875
0 0.88515625 0.32265625 0.0484375 0.1234375
0 0.76171875 0.28203125 0.07734375 0.08671875
0 0.78828125 0.21640625 0.05078125 0.121875
0 0.2578125 0.36796875 0.0453125 0.08046875
0 0.74921875 0.52578125 0.05 0.08203125
0 0.79765625 0.51484375 0.0265625 0.0828125
0 0.83671875 0.51875 0.0296875 0.115625
0 0.8609375 0.44609375 0.06640625 0.0859375
0 0.9 0.91171875 0.0375 0.10390625
0 0.0671875 0.36171875 0.0296875 0.11953125
0 0.12109375 0.36015625 0.0359375 0.08203125
0 0.18125 0.37421875 0.03828125 0.10390625
0 0.78828125 0.4578125 0.04375 0.084375
0 0.0078125 0.31328125 0.015625 0.1109375
0 0.1609375 0.3203125 0.0453125 0.075
0 0.6234375 0.43125 0.0609375 0.0453125