0 0.4953125 0.30234375 0.09296875 0.13203125
0 0.7015625 0.33984375 0.065625 0.07890625
0 0.91953125 0.46171875 0.04375 0.08203125
0 0.3234375 0.43671875 0.05859375 0.17109375
0 0.1828125 0.33359375 0.046875 0.09453125
0 0.6125 0.67265625 0.05390625 0.1734375
0 0.7515625 0.496875 0.03515625 0.0890625
0 0.80625 0.571875 0.04453125 0.1015625
0 0.790625 0.121875 0.06015625 0.1109375
0 0.1609375 0.028125 0.0609375 0.05546875
0 0.8453125 0.45703125 0.05546875 0.071875
0 0.7875 0.0265625 0.0984375 0.053125
0 0.0140625 0.3125 0.028125 0.103125
0 0.79375 0.4765625 0.04453125 0.078125
0 0.1375 0.2609375 0.0609375 0.10390625