0 0.0953125 0.11796875 0.05859375 0.103125
0 0.5390625 0.13046875 0.05390625 0.1109375
0 0.28125 0.49453125 0.0421875 0.09140625
0 0.703125 0.44140625 0.04140625 0.09453125
0 0.74453125 0.42734375 0.0640625 0.1125
0 0.6421875 0.109375 0.09609375 0.1375
0 0.4375 0.04375 0.07421875 0.0875
0 0.8109375 0.0625 0.07109375 0.125
0 0.1578125 0.28515625 0.05546875 0.10703125
0 0.3453125 0.35078125 0.06015625 0.08203125
0 0.92265625 0.46640625 0.0609375 0.06953125
0 0.80625 0.621875 0.05078125 0.0859375
0 0.2875 0.39296875 0.0359375 0.1
0 0.90625 0.60078125 0.04453125 0.1125
0 0.0125 0.715625 0.025 0.10859375
0 0.0125 0.30703125 0.025 0.10546875
0 0.79296875 0.4765625 0.03203125 0.0703125
0 0.2109375 0.34765625 0.05 0.0640625