0 0.09375 0.16796875 0.05390625 0.09453125
0 0.5234375 0.32734375 0.05390625 0.0875
0 0.7375 0.71171875 0.05234375 0.1015625
0 0.690625 0.484375 0.040625 0.0921875
0 0.69140625 0.41015625 0.05 0.08203125
0 0.7578125 0.08671875 0.0578125 0.1484375
0 0.2390625 0.34140625 0.06171875 0.10546875
0 0.69375 0.64921875 0.03671875 0.09609375
0 0.11875 0.25546875 0.0375 0.0859375
0 0.46640625 0.296875 0.059375 0.1640625
0 0.1765625 0.30078125 0.05546875 0.1015625
0 0.73046875 0.43828125 0.04375 0.0921875
0 0.79375 0.45546875 0.0421875 0.078125
0 0.63125 0.04296875 0.11171875 0.0859375
0 0.30078125 0.3703125 0.0421875 0.059375
0 0.0140625 0.30546875 0.028125 0.1
0 0.84140625 0.49921875 0.06328125 0.0625
0 0.87734375 0.4625 0.06640625 0.06171875
0 0.821875 0.025 0.08984375 0.05