0 0.3828125 0.26015625 0.0609375 0.0984375
0 0.70390625 0.45234375 0.040625 0.075
0 0.759375 0.4625 0.0515625 0.05703125
0 0.7671875 0.40390625 0.06328125 0.08046875
0 0.3765625 0.36640625 0.05234375 0.078125
0 0.096875 0.253125 0.0609375 0.08359375
0 0.1953125 0.490625 0.05234375 0.08359375
0 0.61484375 0.46484375 0.0578125 0.109375
0 0.675 0.50546875 0.05078125 0.08046875
0 0.025 0.24765625 0.04921875 0.0734375
0 0.15390625 0.29921875 0.0640625 0.090625
0 0.8328125 0.61796875 0.04140625 0.14140625
0 0.2140625 0.32109375 0.03125 0.053125
0 0.01796875 0.45703125 0.0359375 0.1078125