0 0.9171875 0.24140625 0.06640625 0.1109375
0 0.76171875 0.73203125 0.05625 0.08046875
0 0.6625 0.93203125 0.05703125 0.09140625
0 0.1265625 0.29765625 0.04453125 0.09296875
0 0.0890625 0.58515625 0.06015625 0.0625
0 0.79140625 0.5046875 0.05234375 0.06953125
0 0.79453125 0.43046875 0.06875 0.08046875
0 0.8296875 0.53046875 0.02734375 0.08046875
0 0.021875 0.18515625 0.04296875 0.08203125
0 0.29375 0.040625 0.125 0.08046875
0 0.03515625 0.31875 0.0703125 0.0734375
0 0.04609375 0.24140625 0.0578125 0.0671875
0 0.74453125 0.534375 0.06171875 0.08046875
0 0.0046875 0.40078125 0.009375 0.0875