0 0.0546875 0.57890625 0.06015625 0.05859375
0 0.8625 0.865625 0.06171875 0.11953125
0 0.67421875 0.48515625 0.05 0.08203125
0 0.0421875 0.459375 0.06484375 0.159375
0 0.6125 0.83046875 0.0375 0.128125
0 0.034375 0.21328125 0.05625 0.09296875
0 0.78125 0.603125 0.0390625 0.1046875
0 0.7984375 0.58515625 0.0828125 0.15703125
0 0.1140625 0.303125 0.05546875 0.06953125
0 0.2390625 0.340625 0.0296875 0.05546875
0 0.0640625 0.29921875 0.034375 0.05703125
0 0.7921875 0.4234375 0.0546875 0.11953125
0 0.01171875 0.30390625 0.0234375 0.103125
0 0.4984375 0.015625 0.07265625 0.03046875
0 0.84296875 0.4390625 0.05859375 0.1140625
0 0.81015625 0.37109375 0.0390625 0.1078125
0 0.7453125 0.5453125 0.0484375 0.0953125