0 0.209375 0.321875 0.03984375 0.07890625
0 0.2484375 0.09140625 0.06015625 0.103125
0 0.33984375 0.24921875 0.0578125 0.09296875
0 0.2703125 0.43359375 0.05390625 0.078125
0 0.44375 0.36171875 0.04375 0.10390625
0 0.5734375 0.47421875 0.05703125 0.084375
0 0.284375 0.22109375 0.04921875 0.096875
0 0.4984375 0.73671875 0.03984375 0.10390625
0 0.0328125 0.59921875 0.04609375 0.07109375
0 0.1828125 0.40546875 0.0421875 0.1
0 0.634375 0.678125 0.03828125 0.096875
0 0.678125 0.43828125 0.04921875 0.07109375
0 0.7484375 0.4828125 0.03203125 0.0984375
0 0.6984375 0.66953125 0.05703125 0.10546875
0 0.02265625 0.26484375 0.0453125 0.16796875
0 0.82890625 0.39921875 0.04296875 0.134375
0 0.7625 0.371875 0.04921875 0.109375
0 0.821875 0.4953125 0.04453125 0.0796875
0 0.8046875 0.36484375 0.04453125 0.0953125
0 0.0890625 0.3734375 0.04453125 0.08203125
0 0.04296875 0.27109375 0.034375 0.10625
0 0.07265625 0.28203125 0.04296875 0.06171875