0 0.21328125 0.24296875 0.0546875 0.08359375
0 0.834375 0.30703125 0.06796875 0.121875
0 0.46171875 0.075 0.075 0.15
0 0.3796875 0.384375 0.0546875 0.09296875
0 0.03125 0.62421875 0.05390625 0.059375
0 0.571875 0.490625 0.06640625 0.071875
0 0.78125 0.44921875 0.03671875 0.07109375
0 0.04765625 0.3 0.03671875 0.0609375
0 0.0421875 0.22265625 0.05625 0.084375
0 0.70625 0.421875 0.05703125 0.0859375
0 0.5515625 0.428125 0.0484375 0.0640625
0 0.178125 0.353125 0.02890625 0.0984375
0 0.7171875 0.88046875 0.0265625 0.09453125
0 0.2125 0.32578125 0.04609375 0.0625
0 0.85 0.03671875 0.07578125 0.0734375
0 0.775 0.54296875 0.04453125 0.09453125
0 0.0125 0.31171875 0.025 0.08203125
0 0.7828125 0.23046875 0.06015625 0.13359375
0 0.7734375 0.36640625 0.0546875 0.103125
0 0.0953125 0.3390625 0.05703125 0.08125