0 0.209375 0.303125 0.04375 0.10546875
0 0.50625 0.4265625 0.05625 0.0640625
0 0.69375 0.434375 0.05703125 0.06796875
0 0.8109375 0.34296875 0.0578125 0.1140625
0 0.64609375 0.30234375 0.0703125 0.09609375
0 0.16328125 0.27890625 0.0453125 0.0859375
0 0.7625 0.340625 0.04296875 0.1
0 0.6265625 0.1953125 0.0890625 0.1125
0 0.9453125 0.16171875 0.06796875 0.109375
0 0.871875 0.34765625 0.07109375 0.115625
0 0.78125 0.59921875 0.04296875 0.0875
0 0.01328125 0.61015625 0.0265625 0.059375
0 0.01796875 0.31328125 0.03515625 0.084375
0 0.79296875 0.25625 0.06328125 0.09140625
0 0.5921875 0.309375 0.04765625 0.1
0 0.04609375 0.24375 0.04375 0.11796875
0 0.02109375 0.00859375 0.0421875 0.01640625
0 0.08984375 0.32265625 0.05546875 0.04921875
0 0.83359375 0.48984375 0.0390625 0.07109375
0 0.79765625 0.4578125 0.040625 0.0390625