0 0.7859375 0.696875 0.0515625 0.134375
0 0.1609375 0.12734375 0.05234375 0.09296875
0 0.75625 0.14296875 0.08671875 0.178125
0 0.471875 0.340625 0.0625 0.096875
0 0.8484375 0.40703125 0.0515625 0.09453125
0 0.88125 0.28046875 0.07734375 0.09140625
0 0.9046875 0.36328125 0.06484375 0.0875
0 0.434375 0.109375 0.03984375 0.14296875
0 0.7546875 0.32890625 0.0484375 0.096875
0 0.75 0.48046875 0.04453125 0.146875
0 0.11875 0.584375 0.04453125 0.1
0 0.59296875 0.428125 0.046875 0.075
0 0.6421875 0.43828125 0.059375 0.0921875
0 0.0515625 0.22421875 0.05234375 0.109375
0 0.8625 0.54609375 0.04453125 0.11640625
0 0.2 0.28359375 0.05390625 0.11953125
0 0.0125 0.203125 0.025 0.0890625
0 0.0125 0.30546875 0.025 0.0859375
0 0.97265625 0.0265625 0.053125 0.053125
0 0.0125 0.60625 0.025 0.053125
0 0.98046875 0.29765625 0.0375 0.1734375
0 0.0046875 0.4234375 0.009375 0.08125
0 0.08359375 0.30546875 0.046875 0.0703125
0 0.4703125 0.0984375 0.0390625 0.1046875
0 0.7875 0.31953125 0.05078125 0.1109375
0 0.80078125 0.23515625 0.06015625 0.08515625