0 0.78359375 0.71875 0.03984375 0.11484375
0 0.60625 0.39921875 0.04375 0.09296875
0 0.3765625 0.44921875 0.0453125 0.07890625
0 0.8734375 0.50546875 0.05234375 0.071875
0 0.7796875 0.29921875 0.0734375 0.0984375
0 0.95 0.44609375 0.04921875 0.0640625
0 0.2609375 0.3578125 0.0484375 0.0765625
0 0.27109375 0.28515625 0.0515625 0.0984375
0 0.8578125 0.378125 0.04453125 0.128125
0 0.04765625 0.2765625 0.04609375 0.0484375
0 0.0625 0.203125 0.05078125 0.0859375
0 0.634375 0.334375 0.04140625 0.1125
0 0.67890625 0.34765625 0.05625 0.07890625
0 0.78125 0.14921875 0.07578125 0.10390625
0 0.5078125 0.57421875 0.05859375 0.084375
0 0.8328125 0.46328125 0.03515625 0.07109375
0 0.8375 0.20546875 0.065625 0.11171875
0 0.1140625 0.33359375 0.0421875 0.06640625
0 0.1703125 0.35859375 0.02890625 0.09375
0 0.2 0.28515625 0.0390625 0.15390625
0 0.0125 0.31015625 0.025 0.08203125
0 0.803125 0.015625 0.103125 0.03046875
0 0.86875 0.1921875 0.040625 0.09375
0 0.80234375 0.6890625 0.040625 0.10859375