0 0.7921875 0.3015625 0.07890625 0.103125
0 0.05625 0.1890625 0.075 0.1
0 0.8703125 0.15859375 0.07421875 0.1359375
0 0.64921875 0.2828125 0.0625 0.109375
0 0.74375 0.0703125 0.0640625 0.140625
0 0.121875 0.35078125 0.04609375 0.07109375
0 0.20625 0.328125 0.05625 0.06640625
0 0.784375 0.72578125 0.0515625 0.10390625
0 0.8984375 0.4625 0.06953125 0.075
0 0.66953125 0.42578125 0.0625 0.084375
0 0.22890625 0.39296875 0.0390625 0.078125
0 0.5453125 0.51640625 0.04765625 0.15859375
0 0.78203125 0.14921875 0.06796875 0.08671875
0 0.80546875 0.05859375 0.06875 0.11640625
0 0.7734375 0.51796875 0.04140625 0.09453125
0 0.015625 0.2859375 0.03046875 0.125
0 0.0703125 0.27265625 0.05859375 0.0625
0 0.7515625 0.23359375 0.08125 0.06875