0 0.8078125 0.1640625 0.05 0.1609375
0 0.85625 0.12890625 0.0703125 0.121875
0 0.3234375 0.40078125 0.04765625 0.08203125
0 0.0421875 0.17890625 0.06640625 0.1
0 0.7390625 0.36171875 0.04921875 0.09609375
0 0.79375 0.29765625 0.08046875 0.09609375
0 0.65625 0.22578125 0.10546875 0.1234375
0 0.828125 0.50703125 0.028125 0.11640625
0 0.875 0.50546875 0.07109375 0.08359375
0 0.7875 0.72109375 0.05234375 0.1109375
0 0.7125 0.4703125 0.0703125 0.159375
0 0.0125 0.30625 0.025 0.09296875
0 0.2265625 0.84765625 0.028125 0.090625
0 0.0921875 0.3828125 0.04375 0.08125
0 0.09140625 0.30546875 0.02265625 0.115625
0 0.1203125 0.253125 0.05078125 0.19140625
0 0.6609375 0.3203125 0.06953125 0.08125
0 0.73984375 0.265625 0.04375 0.11328125