0 0.8640625 0.54921875 0.053125 0.090625
0 0.8140625 0.27734375 0.06171875 0.1125
0 0.33671875 0.05703125 0.0765625 0.09453125
0 0.9625 0.184375 0.07265625 0.1640625
0 0.72265625 0.546875 0.0546875 0.078125
0 0.55625 0.38515625 0.05859375 0.090625
0 0.7015625 0.40390625 0.05234375 0.0859375
0 0.690625 0.165625 0.06796875 0.121875
0 0.28125 0.3828125 0.04375 0.0875
0 0.6390625 0.19765625 0.05234375 0.13671875
0 0.5828125 0.8703125 0.03125 0.1015625
0 0.09375 0.37265625 0.0546875 0.0875
0 0.0984375 0.29453125 0.04765625 0.0890625
0 0.83125 0.740625 0.05234375 0.0890625
0 0.74296875 0.04140625 0.0734375 0.0828125
0 0.0375 0.26953125 0.05078125 0.08046875
0 0.7765625 0.22578125 0.06875 0.1265625
0 0.86796875 0.3109375 0.05390625 0.1125
0 0.34921875 0.37578125 0.03984375 0.06015625