0 0.503125 0.44296875 0.06171875 0.06953125
0 0.20546875 0.61796875 0.0671875 0.128125
0 0.6109375 0.24921875 0.05234375 0.140625
0 0.35703125 0.62890625 0.0421875 0.10546875
0 0.7203125 0.63671875 0.06015625 0.109375
0 0.26015625 0.31328125 0.04375 0.084375
0 0.55625 0.415625 0.05546875 0.05
0 0.371875 0.30546875 0.05859375 0.075
0 0.6671875 0.578125 0.0484375 0.0875
0 0.5546875 0.04375 0.08125 0.0875
0 0.3234375 0.29921875 0.0453125 0.090625
0 0.446875 0.94296875 0.0359375 0.10546875
0 0.01328125 0.30546875 0.0265625 0.0890625
0 0.1375 0.29765625 0.03125 0.084375
0 0.09140625 0.24921875 0.0484375 0.10703125
0 0.11796875 0.21875 0.0515625 0.11796875
0 0.41328125 0.35078125 0.03359375 0.09453125
0 0.47109375 0.3921875 0.0671875 0.0640625