0 0.0921875 0.24296875 0.06796875 0.09453125
0 0.2515625 0.22421875 0.06015625 0.09296875
0 0.33671875 0.26328125 0.03203125 0.0953125
0 0.3671875 0.25390625 0.04140625 0.1375
0 0.39765625 0.29921875 0.0578125 0.09296875
0 0.75390625 0.7046875 0.040625 0.1125
0 0.3125 0.34140625 0.05078125 0.09453125
0 0.0125 0.30546875 0.025 0.0890625
0 0.8234375 0.41796875 0.05078125 0.1
0 0.128125 0.36796875 0.04296875 0.06953125
0 0.01484375 0.45546875 0.0296875 0.10546875
0 0.45625 0.4328125 0.04296875 0.084375
0 0.5046875 0.44140625 0.0609375 0.06953125
0 0.3734375 0.37421875 0.0390625 0.0625
0 0.55078125 0.4140625 0.0546875 0.06640625
0 0.47734375 0.384375 0.06015625 0.06953125
0 0.08984375 0.32578125 0.03203125 0.05703125