0 0.03671875 0.16953125 0.0671875 0.10546875
0 0.9484375 0.1765625 0.0953125 0.1390625
0 0.4875 0.38359375 0.0484375 0.0859375
0 0.78125 0.4953125 0.0390625 0.0984375
0 0.3625 0.13671875 0.07421875 0.12109375
0 0.5390625 0.415625 0.05703125 0.06640625
0 0.7546875 0.42421875 0.04453125 0.0875
0 0.315625 0.36171875 0.03984375 0.084375
0 0.6734375 0.54140625 0.0359375 0.08359375
0 0.4140625 0.29296875 0.03984375 0.10859375
0 0.15703125 0.35234375 0.05 0.0734375
0 0.025 0.3171875 0.05 0.128125
0 0.55546875 0.51328125 0.0375 0.11796875
0 0.5296875 0.60390625 0.03828125 0.11953125
0 0.4046875 0.23828125 0.0453125 0.11953125
0 0.9046875 0.28359375 0.05078125 0.128125
0 0.09765625 0.32265625 0.0421875 0.0546875