0 0.109375 0.36484375 0.04921875 0.084375
0 0.040625 0.28828125 0.04375 0.08046875
0 0.0875 0.26171875 0.06171875 0.08203125
0 0.0203125 0.13359375 0.040625 0.1140625
0 0.759375 0.44140625 0.05703125 0.078125
0 0.41875 0.26640625 0.05703125 0.10546875
0 0.52890625 0.384375 0.040625 0.1140625
0 0.79375 0.59140625 0.04296875 0.10859375
0 0.9140625 0.63046875 0.04921875 0.08046875
0 0.96875 0.384375 0.0609375 0.0875
0 0.734375 0.54921875 0.053125 0.11796875
0 0.84765625 0.58203125 0.046875 0.09140625
0 0.0125 0.29453125 0.025 0.1140625
0 0.47890625 0.39296875 0.0453125 0.09453125
0 0.0046875 0.42421875 0.009375 0.0734375
0 0.8609375 0.47109375 0.0578125 0.0859375
0 0.94140625 0.3328125 0.04921875 0.12421875
0 0.10078125 0.8828125 0.08203125 0.15546875