0 0.021875 0.1265625 0.04375 0.1125
0 0.0609375 0.3078125 0.0390625 0.06484375
0 0.08671875 0.259375 0.0609375 0.084375
0 0.625 0.45234375 0.0546875 0.08203125
0 0.425 0.2625 0.03828125 0.1
0 0.4734375 0.390625 0.05859375 0.09453125
0 0.7875 0.59921875 0.05546875 0.090625
0 0.8796875 0.60234375 0.05078125 0.09609375
0 0.2078125 0.3453125 0.04609375 0.1234375
0 0.6984375 0.41640625 0.0609375 0.08046875
0 0.734375 0.54296875 0.04296875 0.1
0 0.0140625 0.22734375 0.028125 0.0796875
0 0.01640625 0.609375 0.0328125 0.109375
0 0.77109375 0.48515625 0.04375 0.071875
0 0.7859375 0.42578125 0.06484375 0.07109375
0 0.0171875 0.30703125 0.03359375 0.09140625
0 0.8203125 0.51640625 0.04140625 0.0609375
0 0.3875 0.38046875 0.0484375 0.046875
0 0.84296875 0.4734375 0.04375 0.0625
0 0.115625 0.334375 0.05625 0.08203125