0 0.6734375 0.265625 0.06953125 0.1140625
0 0.059375 0.11796875 0.06796875 0.0890625
0 0.45625 0.3828125 0.0484375 0.0875
0 0.8 0.415625 0.06796875 0.075
0 0.9125 0.64375 0.07421875 0.0875
0 0.5984375 0.74921875 0.0546875 0.1015625
0 0.7125 0.74296875 0.05234375 0.0859375
0 0.42578125 0.25546875 0.0390625 0.10546875
0 0.0171875 0.309375 0.034375 0.096875
0 0.0421875 0.2328125 0.0703125 0.090625
0 0.6734375 0.46640625 0.04921875 0.08359375
0 0.8234375 0.496875 0.04375 0.0765625
0 0.028125 0.4078125 0.05625 0.0875
0 0.071875 0.31015625 0.03515625 0.0875