0 0.06796875 0.09140625 0.05625 0.10859375
0 0.4390625 0.2140625 0.05546875 0.1140625
0 0.45390625 0.38671875 0.0484375 0.09609375
0 0.978125 0.63984375 0.0421875 0.10703125
0 0.80390625 0.43515625 0.0421875 0.090625
0 0.184375 0.45859375 0.034375 0.09453125
0 0.87421875 0.34296875 0.0453125 0.10859375
0 0.93125 0.703125 0.06640625 0.078125
0 0.14921875 0.0375 0.0703125 0.075
0 0.75 0.51796875 0.04453125 0.08359375
0 0.80078125 0.53828125 0.04375 0.07109375
0 0.01640625 0.303125 0.0328125 0.10546875
0 0.078125 0.29453125 0.03984375 0.1109375