0 0.4859375 0.25234375 0.08125 0.140625
0 0.753125 0.30390625 0.07109375 0.121875
0 0.84921875 0.32421875 0.0578125 0.10703125
0 0.4609375 0.13046875 0.05625 0.125
0 0.375 0.45546875 0.05078125 0.096875
0 0.903125 0.25546875 0.07421875 0.125
0 0.06875 0.04140625 0.05 0.0828125
0 0.23671875 0.51953125 0.0375 0.10859375
0 0.0890625 0.43359375 0.0390625 0.09140625
0 0.7609375 0.60703125 0.0546875 0.09453125
0 0.8265625 0.72109375 0.06640625 0.071875
0 0.84765625 0.52109375 0.0546875 0.09453125
0 0.7671875 0.45625 0.04921875 0.12109375
0 0.4484375 0.38515625 0.03359375 0.09296875
0 0.009375 0.359375 0.01875 0.09296875
0 0.0296875 0.25078125 0.05859375 0.090625
0 0.00625 0.546875 0.0125 0.084375
0 0.053125 0.346875 0.04765625 0.0609375
0 0.07578125 0.290625 0.0296875 0.06640625
0 0.9515625 0.34921875 0.053125 0.15390625
0 0.78046875 0.50625 0.03828125 0.10859375
0 0.5859375 0.4234375 0.0625 0.05234375