0 0.615625 0.45234375 0.06015625 0.0734375
0 0.83125 0.17421875 0.0609375 0.134375
0 0.77578125 0.26015625 0.0703125 0.09609375
0 0.0875 0.21171875 0.05703125 0.12109375
0 0.4421875 0.37890625 0.04765625 0.0859375
0 0.5015625 0.065625 0.06640625 0.13046875
0 0.321875 0.35703125 0.06796875 0.09453125
0 0.6671875 0.559375 0.05546875 0.109375
0 0.9171875 0.53046875 0.06171875 0.08359375
0 0.73828125 0.740625 0.0546875 0.0890625
0 0.796875 0.64140625 0.04140625 0.09453125
0 0.86875 0.553125 0.03671875 0.096875
0 0.16015625 0.34609375 0.046875 0.0609375
0 0.26796875 0.36796875 0.0421875 0.0859375
0 0.74921875 0.54140625 0.05 0.09453125
0 0.3625 0.034375 0.0625 0.06796875
0 0.8046875 0.39921875 0.0484375 0.0984375
0 0.01953125 0.3984375 0.0390625 0.0875
0 0.0203125 0.325 0.040625 0.090625
0 0.021875 0.259375 0.04296875 0.071875
0 0.0625 0.00546875 0.05546875 0.0109375
0 0.8265625 0.43359375 0.03125 0.13046875
0 0.84765625 0.48515625 0.0453125 0.0484375
0 0.02265625 0.47734375 0.04375 0.1109375
0 0.0515625 0.35078125 0.04765625 0.06328125
0 0.09453125 0.3234375 0.05546875 0.0609375