0 0.85 0.3078125 0.06796875 0.0875
0 0.64375 0.47265625 0.0640625 0.0765625
0 0.8765625 0.0578125 0.08125 0.115625
0 0.44375 0.36328125 0.03359375 0.1015625
0 0.3953125 0.36171875 0.05546875 0.084375
0 0.7921875 0.43203125 0.04296875 0.08359375
0 0.3296875 0.053125 0.0609375 0.0984375
0 0.69140625 0.91796875 0.0578125 0.128125
0 0.9265625 0.56171875 0.0453125 0.109375
0 0.0140625 0.31328125 0.028125 0.0859375
0 0.06015625 0.3515625 0.05703125 0.05625
0 0.07265625 0.28203125 0.05625 0.08046875
0 0.01953125 0.22109375 0.0390625 0.09140625
0 0.27578125 0.0203125 0.05 0.040625
0 0.85078125 0.49296875 0.0515625 0.078125