0 0.44453125 0.37109375 0.053125 0.09140625
0 0.590625 0.28203125 0.05859375 0.125
0 0.30625 0.20703125 0.05625 0.1
0 0.26796875 0.31484375 0.0640625 0.06796875
0 0.2484375 0.25078125 0.05234375 0.09609375
0 0.85703125 0.39140625 0.0515625 0.096875
0 0.859375 0.18046875 0.059375 0.1359375
0 0.80546875 0.42578125 0.0546875 0.08203125
0 0.8703125 0.528125 0.04609375 0.103125
0 0.12421875 0.33046875 0.05625 0.10546875
0 0.928125 0.46640625 0.04765625 0.075
0 0.5625 0.7078125 0.03515625 0.1015625
0 0.753125 0.421875 0.0609375 0.1140625
0 0.02109375 0.24609375 0.0421875 0.06640625
0 0.01484375 0.32578125 0.0296875 0.10703125
0 0.48515625 0.3703125 0.06328125 0.0984375
0 0.0671875 0.31015625 0.0578125 0.05