0 0.55 0.18671875 0.06953125 0.08203125
0 0.6265625 0.315625 0.06015625 0.13359375
0 0.85546875 0.16171875 0.0859375 0.10703125
0 0.43046875 0.3640625 0.040625 0.12578125
0 0.4640625 0.38671875 0.0578125 0.07890625
0 0.25 0.33671875 0.05 0.07109375
0 0.8375 0.36171875 0.0671875 0.109375
0 0.3625 0.346875 0.05078125 0.0875
0 0.3296875 0.72421875 0.03515625 0.090625
0 0.20546875 0.33203125 0.0375 0.053125
0 0.9421875 0.4765625 0.03828125 0.075
0 0.109375 0.28515625 0.065625 0.10703125
0 0.04375 0.21484375 0.06171875 0.0875
0 0.8578125 0.53671875 0.04453125 0.115625
0 0.728125 0.46796875 0.05234375 0.0640625
0 0.01484375 0.41953125 0.0296875 0.0890625
0 0.0578125 0.34609375 0.05859375 0.0484375
0 0.7796875 0.478125 0.0390625 0.0765625
0 0.8265625 0.46796875 0.03984375 0.065625