0 0.49140625 0.23671875 0.0640625 0.12109375
0 0.7734375 0.44921875 0.04453125 0.134375
0 0.0609375 0.234375 0.0671875 0.0765625
0 0.59921875 0.25234375 0.0671875 0.14296875
0 0.475 0.38984375 0.05390625 0.0875
0 0.1265625 0.28671875 0.059375 0.08203125
0 0.66328125 0.56953125 0.0609375 0.078125
0 0.71796875 0.546875 0.0578125 0.09609375
0 0.85703125 0.471875 0.0578125 0.096875
0 0.896875 0.48046875 0.0484375 0.11640625
0 0.06484375 0.43125 0.05859375 0.09609375
0 0.06328125 0.34921875 0.0375 0.05703125
0 0.71875 0.465625 0.05 0.05546875
0 0.015625 0.30390625 0.03046875 0.08046875
0 0.8671875 0.5640625 0.03984375 0.096875
0 0.43828125 0.3625 0.0578125 0.0765625