0 0.4109375 0.35390625 0.04453125 0.096875
0 0.153125 0.50859375 0.0609375 0.09140625
0 0.8921875 0.59609375 0.05234375 0.10546875
0 0.7296875 0.83828125 0.04765625 0.11796875
0 0.77265625 0.41171875 0.0546875 0.0734375
0 0.1875 0.25078125 0.05703125 0.11796875
0 0.73515625 0.084375 0.0546875 0.1625
0 0.7203125 0.40703125 0.046875 0.0859375
0 0.5890625 0.11796875 0.1078125 0.15546875
0 0.6703125 0.50703125 0.06171875 0.08046875
0 0.1859375 0.87578125 0.03984375 0.1015625
0 0.0203125 0.29296875 0.040625 0.15
0 0.76875 0.47734375 0.03125 0.05703125
0 0.821875 0.51328125 0.04453125 0.11953125
0 0.03203125 0.428125 0.0484375 0.096875