0 0.62265625 0.07265625 0.0953125 0.1453125
0 0.159375 0.4796875 0.0453125 0.06875
0 0.18515625 0.44140625 0.04140625 0.1453125
0 0.4375 0.103125 0.11484375 0.16953125
0 0.2484375 0.40390625 0.04375 0.0890625
0 0.85625 0.5953125 0.03984375 0.0875
0 0.775 0.41796875 0.05 0.09140625
0 0.41171875 0.34609375 0.0671875 0.08046875
0 0.6078125 0.63671875 0.04453125 0.090625
0 0.6578125 0.540625 0.04765625 0.1015625
0 0.01875 0.303125 0.0375 0.153125
0 0.4546875 0.40078125 0.06328125 0.05703125
0 0.0109375 0.5203125 0.02109375 0.0984375
0 0.88046875 0.5265625 0.0546875 0.1078125
0 0.0671875 0.31953125 0.06953125 0.0609375