0 0.68125 0.51796875 0.05078125 0.08359375
0 0.56484375 0.45390625 0.03515625 0.1015625
0 0.57734375 0.4 0.0421875 0.11640625
0 0.39140625 0.3515625 0.0578125 0.0859375
0 0.7390625 0.0703125 0.09375 0.1375
0 0.284375 0.43046875 0.0515625 0.08046875
0 0.259375 0.5015625 0.0609375 0.078125
0 0.78125 0.34765625 0.04921875 0.134375
0 0.390625 0.42890625 0.05546875 0.075
0 0.86953125 0.0953125 0.0640625 0.1234375
0 0.8671875 0.63984375 0.0453125 0.0984375
0 0.34453125 0.40703125 0.04375 0.08359375
0 0.575 0.63671875 0.03125 0.10703125
0 0.83125 0.490625 0.04296875 0.0640625
0 0.1125 0.31171875 0.03828125 0.05703125
0 0.0359375 0.29296875 0.05859375 0.10546875
0 0.00625 0.41171875 0.0125 0.11796875
0 0.7296875 0.46015625 0.04609375 0.0578125