0 0.68125 0.42578125 0.06640625 0.07890625
0 0.59921875 0.28984375 0.06328125 0.10078125
0 0.74296875 0.42265625 0.0453125 0.08203125
0 0.3703125 0.61015625 0.06171875 0.09609375
0 0.7 0.690625 0.06875 0.1015625
0 0.4046875 0.72265625 0.03125 0.09609375
0 0.4421875 0.39140625 0.04140625 0.05859375
0 0.8734375 0.3078125 0.0609375 0.0984375
0 0.78671875 0.43515625 0.0390625 0.12109375
0 0.8328125 0.43671875 0.059375 0.115625
0 0.33984375 0.38671875 0.04375 0.08828125
0 0.3796875 0.36953125 0.05390625 0.0890625
0 0.91015625 0.63046875 0.059375 0.09453125
0 0.83671875 0.61640625 0.0453125 0.053125
0 0.88125 0.5734375 0.0578125 0.07578125
0 0.040625 0.35859375 0.059375 0.08828125
0 0.0703125 0.31796875 0.09140625 0.07265625