0 0.8625 0.32421875 0.06953125 0.15703125
0 0.2078125 0.096875 0.07109375 0.09296875
0 0.659375 0.41171875 0.0546875 0.0984375
0 0.50703125 0.54140625 0.0609375 0.0859375
0 0.9359375 0.13203125 0.07890625 0.13046875
0 0.9234375 0.69296875 0.04921875 0.1
0 0.5375 0.40546875 0.0390625 0.075
0 0.65625 0.65546875 0.05703125 0.1109375
0 0.37734375 0.34296875 0.040625 0.09453125
0 0.478125 0.69921875 0.06015625 0.11796875
0 0.76328125 0.69921875 0.0453125 0.109375
0 0.0390625 0.278125 0.059375 0.18046875
0 0.8625 0.93046875 0.03125 0.1140625
0 0.92109375 0.25390625 0.0421875 0.08515625
0 0.8640625 0.2296875 0.06953125 0.0921875