0 0.62890625 0.38515625 0.0796875 0.14140625
0 0.878125 0.71171875 0.05703125 0.084375
0 0.78671875 0.74296875 0.0703125 0.08046875
0 0.6578125 0.66640625 0.06796875 0.08359375
0 0.20078125 0.284375 0.05 0.0875
0 0.915625 0.56484375 0.04453125 0.1125
0 0.5578125 0.53515625 0.0625 0.0765625
0 0.93671875 0.84140625 0.0578125 0.11953125
0 0.37265625 0.33515625 0.0390625 0.10703125
0 0.84375 0.20625 0.05 0.1375
0 0.50078125 0.403125 0.040625 0.06640625
0 0.61796875 0.75859375 0.0265625 0.09453125
0 0.5375 0.41015625 0.03203125 0.05390625
0 0.040625 0.359375 0.0546875 0.1109375
0 0.0390625 0.29609375 0.06015625 0.065625
0 0.7984375 0.36796875 0.05234375 0.1109375
0 0.41015625 0.59296875 0.03125 0.10546875
0 0.84140625 0.28984375 0.0875 0.06484375
0 0.953125 0.74375 0.0546875 0.13515625
0 0.0546875 0.44765625 0.0296875 0.115625