0 0.34375 0.29921875 0.0671875 0.109375
0 0.5484375 0.58515625 0.03671875 0.115625
0 0.775 0.39921875 0.06640625 0.0875
0 0.68515625 0.6953125 0.0625 0.084375
0 0.84375 0.846875 0.06640625 0.06796875
0 0.5921875 0.45234375 0.05078125 0.090625
0 0.6671875 0.52109375 0.05625 0.078125
0 0.8765625 0.41953125 0.04765625 0.1109375
0 0.39296875 0.82265625 0.0390625 0.084375
0 0.8484375 0.54296875 0.04609375 0.071875
0 0.84765625 0.721875 0.04375 0.125
0 0.8546875 0.1703125 0.0609375 0.1015625
0 0.7625 0.59140625 0.05078125 0.103125
0 0.05234375 0.37109375 0.0375 0.10859375
0 0.00703125 0.41796875 0.0140625 0.10546875
0 0.8671875 0.090625 0.0859375 0.0796875
0 0.0265625 0.5625 0.053125 0.06875
0 0.0234375 0.31328125 0.03125 0.103125
0 0.06796875 0.3125 0.053125 0.05546875