0 0.74921875 0.73046875 0.0484375 0.103125
0 0.7140625 0.459375 0.04140625 0.0984375
0 0.12734375 0.403125 0.04375 0.103125
0 0.90234375 0.353125 0.0640625 0.1265625
0 0.8265625 0.14296875 0.0625 0.10703125
0 0.8640625 0.08671875 0.084375 0.11796875
0 0.253125 0.49140625 0.03671875 0.09453125
0 0.6765625 0.696875 0.06484375 0.075
0 0.0484375 0.58515625 0.065625 0.13203125
0 0.88046875 0.8328125 0.06171875 0.084375
0 0.8890625 0.73359375 0.06796875 0.06640625
0 0.58125 0.45078125 0.0421875 0.09609375
0 0.8703125 0.546875 0.05859375 0.0890625
0 0.0546875 0.36796875 0.0390625 0.09453125
0 0.6203125 0.44765625 0.04140625 0.0734375
0 0.0171875 0.3046875 0.034375 0.11875
0 0.8078125 0.471875 0.0265625 0.046875
0 0.025 0.48828125 0.0375 0.0765625
0 0.8796875 0.16640625 0.0515625 0.0984375
0 0.8421875 0.50625 0.05703125 0.053125
0 0.07109375 0.303125 0.05390625 0.0546875