0 0.9375 0.80078125 0.06015625 0.08203125
0 0.69375 0.69296875 0.05703125 0.09453125
0 0.58671875 0.44296875 0.0453125 0.071875
0 0.2671875 0.365625 0.03984375 0.0734375
0 0.9375 0.715625 0.0625 0.071875
0 0.7671875 0.70234375 0.03828125 0.10703125
0 0.0734375 0.57578125 0.04765625 0.0765625
0 0.8625 0.090625 0.0625 0.125
0 0.846875 0.59921875 0.05078125 0.065625
0 0.72265625 0.44453125 0.0359375 0.06953125
0 0.8640625 0.5203125 0.03515625 0.0875
0 0.7875 0.534375 0.04765625 0.0859375
0 0.83203125 0.771875 0.0546875 0.065625
0 0.79375 0.46328125 0.05703125 0.06796875
0 0.81640625 0.12109375 0.05390625 0.15625
0 0.00625 0.55546875 0.01171875 0.0890625
0 0.009375 0.265625 0.01796875 0.0859375
0 0.90078125 0.1359375 0.0421875 0.11328125
0 0.09140625 0.32578125 0.04453125 0.08046875
0 0.17421875 0.33359375 0.04765625 0.04140625