0 0.875 0.1453125 0.07734375 0.1125
0 0.715625 0.67578125 0.06328125 0.09296875
0 0.678125 0.56015625 0.0453125 0.1375
0 0.73125 0.36015625 0.05546875 0.1125
0 0.3171875 0.61171875 0.053125 0.115625
0 0.725 0.240625 0.05234375 0.1234375
0 0.4328125 0.753125 0.03359375 0.11953125
0 0.58515625 0.07890625 0.0671875 0.1578125
0 0.90546875 0.0390625 0.1125 0.078125
0 0.759375 0.57890625 0.05546875 0.09765625
0 0.79375 0.46171875 0.05234375 0.06796875
0 0.9046875 0.59453125 0.06796875 0.11953125
0 0.5953125 0.434375 0.04140625 0.05703125
0 0.9453125 0.72265625 0.05390625 0.06796875
0 0.0296875 0.296875 0.05859375 0.10390625
0 0.9390625 0.81328125 0.05703125 0.06796875
0 0.009375 0.15546875 0.01796875 0.11640625
0 0.79921875 0.54453125 0.06640625 0.07890625
0 0.22421875 0.01015625 0.0671875 0.0203125
0 0.83203125 0.096875 0.0828125 0.090625
0 0.153125 0.33203125 0.0640625 0.0546875
0 0.88125 0.52734375 0.05703125 0.09140625