0 0.3375 0.35859375 0.0375 0.08359375
0 0.55859375 0.4703125 0.0390625 0.09296875
0 0.59375 0.478125 0.04375 0.10234375
0 0.759375 0.37421875 0.04921875 0.08203125
0 0.721875 0.17421875 0.06171875 0.14296875
0 0.9359375 0.53203125 0.04140625 0.09453125
0 0.7890625 0.66796875 0.04921875 0.096875
0 0.79453125 0.440625 0.0515625 0.08046875
0 0.75625 0.52421875 0.03671875 0.07890625
0 0.7484375 0.459375 0.03203125 0.065625
0 0.9625 0.7453125 0.03828125 0.109375
0 0.0421875 0.44921875 0.0390625 0.10234375