0 0.9359375 0.50078125 0.0390625 0.090625
0 0.7609375 0.7265625 0.06640625 0.0890625
0 0.6796875 0.54921875 0.0546875 0.09296875
0 0.79375 0.37578125 0.0609375 0.1015625
0 0.334375 0.359375 0.03515625 0.07890625
0 0.7484375 0.27421875 0.0578125 0.09296875
0 0.9328125 0.671875 0.05546875 0.12109375
0 0.80625 0.52109375 0.03125 0.06640625
0 0.7109375 0.45546875 0.0484375 0.0640625
0 0.7671875 0.46015625 0.0359375 0.06796875
0 0.75078125 0.52578125 0.0671875 0.07109375
0 0.0828125 0.33203125 0.0453125 0.09140625
0 0.01484375 0.31171875 0.0296875 0.0859375
0 0.0515625 0.3078125 0.053125 0.04296875