0 0.76875 0.42421875 0.03828125 0.084375
0 0.1234375 0.23046875 0.1015625 0.1859375
0 0.70546875 0.3890625 0.05 0.0890625
0 0.69453125 0.653125 0.0640625 0.10859375
0 0.82734375 0.309375 0.0546875 0.1125
0 0.75 0.53828125 0.04453125 0.09296875
0 0.3328125 0.36640625 0.04609375 0.09453125
0 0.509375 0.81015625 0.03828125 0.134375
0 0.97421875 0.084375 0.05 0.1609375
0 0.0296875 0.30078125 0.05859375 0.1015625
0 0.9265625 0.48671875 0.0515625 0.0984375
0 0.6359375 0.45703125 0.03671875 0.08359375
0 0.803125 0.54921875 0.04140625 0.090625
0 0.00546875 0.39453125 0.0109375 0.08046875