0 0.6109375 0.33203125 0.04921875 0.09140625
0 0.6546875 0.38046875 0.05546875 0.09453125
0 0.7546875 0.81015625 0.04140625 0.1234375
0 0.79140625 0.5 0.03046875 0.10625
0 0.82421875 0.4859375 0.046875 0.07734375
0 0.8703125 0.45390625 0.05859375 0.05859375
0 0.021875 0.290625 0.04375 0.11875
0 0.4984375 0.92578125 0.040625 0.11796875
0 0.878125 0.34921875 0.03671875 0.13203125
0 0.7609375 0.68203125 0.05703125 0.096875
0 0.67421875 0.47578125 0.0421875 0.05703125
0 0.7265625 0.57578125 0.04765625 0.10390625
0 0.8328125 0.58203125 0.04609375 0.1625
0 0.00625 0.415625 0.0125 0.115625
0 0.7609375 0.48671875 0.040625 0.09296875
0 0.81875 0.58828125 0.10078125 0.0640625
0 0.7140625 0.52578125 0.0375 0.06640625
0 0.7296875 0.721875 0.02890625 0.11015625
0 0.7546875 0.7296875 0.0515625 0.0546875