0 0.153125 0.48828125 0.05 0.0875
0 0.78515625 0.403125 0.05 0.08046875
0 0.58359375 0.15859375 0.0546875 0.146875
0 0.9109375 0.77890625 0.07578125 0.09453125
0 0.4125 0.45078125 0.05546875 0.09296875
0 0.8984375 0.62421875 0.06953125 0.090625
0 0.0234375 0.28984375 0.04609375 0.11796875
0 0.6359375 0.81484375 0.0421875 0.1625
0 0.7375 0.78046875 0.06328125 0.071875
0 0.7875 0.65859375 0.04375 0.10546875
0 0.875 0.52265625 0.05625 0.06796875
0 0.8546875 0.45390625 0.04375 0.05546875
0 0.76171875 0.584375 0.04375 0.07890625
0 0.82265625 0.55078125 0.04375 0.05703125
0 0.74453125 0.51640625 0.0390625 0.06953125
0 0.6640625 0.69609375 0.03984375 0.165625
0 0.1 0.821875 0.03359375 0.1203125
0 0.14609375 0.8546875 0.04453125 0.11484375