0 0.70703125 0.38515625 0.053125 0.11796875
0 0.7046875 0.66796875 0.0578125 0.09140625
0 0.10625 0.0578125 0.05859375 0.115625
0 0.77109375 0.775 0.078125 0.07109375
0 0.8109375 0.72578125 0.04921875 0.109375
0 0.896875 0.55390625 0.04296875 0.10546875
0 0.72265625 0.54921875 0.053125 0.109375
0 0.7890625 0.52265625 0.04921875 0.10703125
0 0.01640625 0.28046875 0.0328125 0.14140625
0 0.075 0.265625 0.04921875 0.06953125
0 0.00703125 0.41484375 0.0140625 0.1234375
0 0.78046875 0.45625 0.05546875 0.05078125