0 0.7546875 0.15390625 0.05859375 0.1390625
0 0.0984375 0.209375 0.04765625 0.0875
0 0.3453125 0.32890625 0.04921875 0.09453125
0 0.6984375 0.67890625 0.06328125 0.08359375
0 0.79140625 0.76171875 0.0578125 0.06796875
0 0.803125 0.59140625 0.05078125 0.078125
0 0.915625 0.54921875 0.0578125 0.09609375
0 0.0140625 0.3109375 0.028125 0.08125
0 0.0234375 0.240625 0.04609375 0.0765625
0 0.7953125 0.46484375 0.0375 0.0640625
0 0.825 0.45078125 0.04296875 0.090625
0 0.7375 0.47734375 0.04765625 0.09140625
0 0.7671875 0.44921875 0.03828125 0.08203125
0 0.296875 0.34140625 0.0578125 0.071875
0 0.11796875 0.296875 0.0546875 0.0875
0 0.0640625 0.28671875 0.03984375 0.05703125
0 0.0109375 0.45859375 0.02109375 0.1140625