0 0.971875 0.39921875 0.05546875 0.15390625
0 0.7703125 0.55859375 0.03359375 0.0890625
0 0.73125 0.71640625 0.06171875 0.08046875
0 0.059375 0.22265625 0.05546875 0.0984375
0 0.2265625 0.31953125 0.05 0.075
0 0.90546875 0.6578125 0.0484375 0.1234375
0 0.78203125 0.39609375 0.0515625 0.0890625
0 0.5625 0.43828125 0.0484375 0.08203125
0 0.77578125 0.48203125 0.03125 0.08046875
0 0.0140625 0.26796875 0.02734375 0.078125
0 0.5953125 0.67109375 0.11953125 0.2
0 0.00625 0.45078125 0.0125 0.06796875
0 0.10546875 0.3015625 0.05859375 0.0765625
0 0.0234375 0.16875 0.046875 0.065625
0 0.82109375 0.46484375 0.05078125 0.08203125