0 0.31796875 0.084375 0.0625 0.1125
0 0.05625 0.20703125 0.06171875 0.13359375
0 0.56953125 0.4671875 0.0296875 0.11171875
0 0.5890625 0.45078125 0.03359375 0.115625
0 0.54375 0.17734375 0.05546875 0.11796875
0 0.7359375 0.525 0.04453125 0.1125
0 0.76484375 0.521875 0.03046875 0.1
0 0.8375 0.39296875 0.04453125 0.10546875
0 0.9078125 0.60390625 0.071875 0.09453125
0 0.7671875 0.678125 0.04765625 0.103125
0 0.8390625 0.72421875 0.03828125 0.13203125
0 0.80625 0.53046875 0.0375 0.08359375
0 0.0125 0.17109375 0.025 0.0828125
0 0.74765625 0.359375 0.09375 0.1125
0 0.98203125 0.109375 0.034375 0.184375
0 0.0140625 0.32109375 0.028125 0.06640625
0 0.021875 0.278125 0.04296875 0.090625
0 0.0828125 0.36640625 0.0578125 0.06328125
0 0.0609375 0.30546875 0.06484375 0.0609375
0 0.02109375 0.37734375 0.0421875 0.07734375
0 0.790625 0.4875 0.03359375 0.08828125