0 0.225 0.14921875 0.0546875 0.10390625
0 0.7875 0.7328125 0.06796875 0.0875
0 0.54375 0.42890625 0.05078125 0.103125
0 0.9265625 0.57890625 0.04765625 0.10546875
0 0.1859375 0.21015625 0.03984375 0.14296875
0 0.28125 0.26640625 0.05078125 0.08046875
0 0.946875 0.14140625 0.09375 0.1140625
0 0.0328125 0.14921875 0.06484375 0.090625
0 0.75625 0.571875 0.04921875 0.1
0 0.01875 0.284375 0.03671875 0.10859375
0 0.0578125 0.25546875 0.05078125 0.08359375
0 0.7796875 0.51171875 0.03359375 0.078125
0 0.03515625 0.425 0.04609375 0.08359375
0 0.07578125 0.35625 0.06484375 0.046875