0 0.57421875 0.0703125 0.0671875 0.1375
0 0.8796875 0.26640625 0.06484375 0.1140625
0 0.05234375 0.2453125 0.06015625 0.06484375
0 0.09921875 0.2140625 0.06015625 0.09296875
0 0.8921875 0.53046875 0.0734375 0.10546875
0 0.4609375 0.47265625 0.06015625 0.06796875
0 0.8859375 0.74453125 0.08515625 0.09453125
0 0.93125 0.403125 0.06953125 0.125
0 0.29765625 0.21171875 0.0609375 0.1875
0 0.80859375 0.45 0.0484375 0.0875
0 0.85 0.42109375 0.06875 0.096875
0 0.021875 0.12421875 0.04296875 0.109375
0 0.1375 0.29921875 0.0375 0.11796875
0 0.675 0.52734375 0.04375 0.10703125
0 0.0265625 0.30078125 0.05234375 0.1015625
0 0.04609375 0.40234375 0.065625 0.06875
0 0.06640625 0.36015625 0.05 0.05703125
0 0.2921875 0.3265625 0.04140625 0.0890625
0 0.71875 0.48984375 0.05234375 0.09921875