0 0.07734375 0.27578125 0.0546875 0.084375
0 0.4640625 0.55859375 0.0578125 0.0890625
0 0.54296875 0.32265625 0.0546875 0.09609375
0 0.03203125 0.171875 0.0640625 0.0984375
0 0.96796875 0.328125 0.0625 0.1140625
0 0.1671875 0.31171875 0.04296875 0.11796875
0 0.9046875 0.52421875 0.04765625 0.0984375
0 0.69921875 0.55546875 0.0625 0.0890625
0 0.41328125 0.39296875 0.05 0.05546875
0 0.7828125 0.41171875 0.04140625 0.0875
0 0.66875 0.69140625 0.0390625 0.10546875
0 0.3546875 0.82578125 0.03828125 0.13203125
0 0.6796875 0.45234375 0.0390625 0.0515625
0 0.82578125 0.41796875 0.0390625 0.15
0 0.8796875 0.39921875 0.05234375 0.1125
0 0.0640625 0.40859375 0.05703125 0.078125
0 0.5015625 0.33515625 0.040625 0.12109375
0 0.03515625 0.36640625 0.0625 0.046875
0 0.0171875 0.2796875 0.034375 0.084375