0 0.90625 0.39140625 0.06171875 0.10546875
0 0.14375 0.30234375 0.0359375 0.07109375
0 0.5890625 0.56484375 0.0453125 0.08203125
0 0.7015625 0.65703125 0.04921875 0.09140625
0 0.4203125 0.24140625 0.05546875 0.14140625
0 0.3640625 0.384375 0.04765625 0.09609375
0 0.42421875 0.35078125 0.0578125 0.09296875
0 0.52421875 0.346875 0.05078125 0.06171875
0 0.54375 0.3203125 0.06171875 0.084375
0 0.58203125 0.47421875 0.0296875 0.1015625
0 0.1875 0.34921875 0.0296875 0.1015625
0 0.1109375 0.040625 0.1109375 0.08046875
0 0.78828125 0.20546875 0.1109375 0.35859375
0 0.05078125 0.28515625 0.04375 0.0734375
0 0.8359375 0.46328125 0.04140625 0.0625
0 0.0140625 0.328125 0.028125 0.109375
0 0.825 0.3953125 0.075 0.0578125
0 0.07265625 0.3609375 0.04140625 0.09375
0 0.84375 0.34921875 0.046875 0.071875