0 0.503125 0.16640625 0.06953125 0.09453125
0 0.5625 0.37109375 0.04765625 0.0859375
0 0.2546875 0.41953125 0.0375 0.09453125
0 0.2234375 0.21953125 0.04140625 0.13046875
0 0.134375 0.115625 0.04453125 0.1265625
0 0.4734375 0.37578125 0.06015625 0.084375
0 0.875 0.39453125 0.04921875 0.10546875
0 0.3046875 0.35546875 0.05234375 0.071875
0 0.8609375 0.90234375 0.03515625 0.11796875
0 0.7625 0.4546875 0.03046875 0.07265625
0 0.7921875 0.44921875 0.0390625 0.065625
0 0.04375 0.43515625 0.04140625 0.0984375
0 0.48125 0.6453125 0.03359375 0.1125
0 0.8390625 0.53671875 0.05 0.059375
0 0.6859375 0.45859375 0.05234375 0.075
0 0.73359375 0.425 0.05625 0.07734375
0 0.59453125 0.4265625 0.040625 0.06953125
0 0.053125 0.3265625 0.071875 0.078125