0 0.60625 0.33671875 0.06328125 0.0984375
0 0.24453125 0.18984375 0.0640625 0.0984375
0 0.1421875 0.209375 0.05703125 0.0859375
0 0.1546875 0.51015625 0.06171875 0.13203125
0 0.3921875 0.353125 0.05703125 0.0859375
0 0.884375 0.34296875 0.05546875 0.103125
0 0.3109375 0.36640625 0.04140625 0.09453125
0 0.4015625 0.50390625 0.03515625 0.10546875
0 0.775 0.540625 0.06953125 0.096875
0 0.79296875 0.46953125 0.04140625 0.0671875
0 0.840625 0.48671875 0.03828125 0.065625
0 0.67421875 0.45390625 0.04375 0.06640625
0 0.00546875 0.28203125 0.0109375 0.121875
0 0.05703125 0.32578125 0.0828125 0.07265625