0 0.7875 0.346875 0.05 0.1109375
0 0.66015625 0.70546875 0.0515625 0.10546875
0 0.79765625 0.6515625 0.0453125 0.103125
0 0.9421875 0.58671875 0.06015625 0.12109375
0 0.7046875 0.61953125 0.05 0.16953125
0 0.8671875 0.58671875 0.0375 0.09296875
0 0.7375 0.5375 0.04375 0.08203125
0 0.77890625 0.525 0.04453125 0.09453125
0 0.8296875 0.42265625 0.04765625 0.09296875
0 0.5046875 0.396875 0.03515625 0.05703125
0 0.94296875 0.24140625 0.1125 0.16953125
0 0.6328125 0.44296875 0.04453125 0.05859375
0 0.72890625 0.475 0.0515625 0.07890625
0 0.0203125 0.44375 0.040625 0.0953125
0 0.02734375 0.3609375 0.04375 0.084375
0 0.01640625 0.31171875 0.0328125 0.11328125