0 0.84765625 0.0578125 0.0796875 0.115625
0 0.784375 0.29921875 0.09375 0.1484375
0 0.93125 0.60546875 0.06796875 0.096875
0 0.3625 0.65078125 0.0515625 0.0984375
0 0.8828125 0.684375 0.0484375 0.109375
0 0.20703125 0.54921875 0.0703125 0.19296875
0 0.546875 0.146875 0.13984375 0.2859375
0 0.8109375 0.70546875 0.06484375 0.08359375
0 0.71875 0.55546875 0.0421875 0.1
0 0.0171875 0.3703125 0.034375 0.04140625
0 0.0328125 0.31328125 0.05390625 0.04453125
0 0.015625 0.27421875 0.03125 0.1265625
0 0.7703125 0.53984375 0.06484375 0.090625
0 0.83125 0.20390625 0.06328125 0.14375
0 0.83203125 0.40703125 0.05 0.10703125
0 0.72890625 0.47734375 0.0640625 0.06015625
0 0.82265625 0.5125 0.06796875 0.08125