0 0.6625 0.38828125 0.05078125 0.084375
0 0.13984375 0.071875 0.071875 0.11796875
0 0.5265625 0.33828125 0.07890625 0.2015625
0 0.684375 0.59140625 0.03984375 0.10546875
0 0.84765625 0.60703125 0.040625 0.0890625
0 0.39765625 0.37734375 0.046875 0.06796875
0 0.2515625 0.403125 0.04375 0.0765625
0 0.73984375 0.59453125 0.0625 0.09140625
0 0.85625 0.86015625 0.0421875 0.09609375
0 0.80859375 0.490625 0.03125 0.0890625
0 0.009375 0.290625 0.01875 0.121875
0 0.08046875 0.09140625 0.0640625 0.12265625
0 0.05859375 0.3328125 0.07265625 0.084375
0 0.8765625 0.971875 0.05 0.05625