0 0.2125 0.14296875 0.07578125 0.11953125
0 0.3921875 0.296875 0.05078125 0.1015625
0 0.9109375 0.31640625 0.06640625 0.16953125
0 0.8703125 0.61640625 0.06015625 0.08046875
0 0.73984375 0.56171875 0.0546875 0.0875
0 0.31328125 0.34140625 0.0375 0.09453125
0 0.25 0.4 0.0578125 0.08046875
0 0.26875 0.31484375 0.04453125 0.0875
0 0.6984375 0.47578125 0.07265625 0.09296875
0 0.878125 0.93046875 0.03671875 0.11640625
0 0.0328125 0.403125 0.04765625 0.06953125
0 0.0265625 0.31328125 0.05234375 0.1015625
0 0.83046875 0.515625 0.04921875 0.1265625
0 0.8625 0.39296875 0.05859375 0.1046875
0 0.86796875 0.82109375 0.0484375 0.1