0 0.35 0.43828125 0.0609375 0.07109375
0 0.08203125 0.1421875 0.05703125 0.10546875
0 0.1171875 0.121875 0.06796875 0.109375
0 0.88125 0.64453125 0.0578125 0.10546875
0 0.38671875 0.215625 0.05 0.11640625
0 0.64453125 0.51796875 0.0453125 0.08046875
0 0.29296875 0.35859375 0.078125 0.05703125
0 0.3046875 0.290625 0.05078125 0.11640625
0 0.6390625 0.88671875 0.03359375 0.1234375
0 0.83828125 0.57734375 0.0390625 0.090625
0 0.903125 0.33984375 0.06015625 0.09609375
0 0.7234375 0.44765625 0.04140625 0.0625
0 0.9671875 0.53671875 0.06484375 0.08203125
0 0.1734375 0.040625 0.07421875 0.08046875
0 0.43671875 0.39453125 0.0390625 0.046875
0 0.0484375 0.4078125 0.065625 0.11171875
0 0.03125 0.325 0.0625 0.06640625
0 0.01015625 0.271875 0.0203125 0.125
0 0.79140625 0.48359375 0.0359375 0.084375
0 0.8734375 0.8140625 0.0390625 0.1203125