0 0.09765625 0.19921875 0.05625 0.10390625
0 0.884375 0.69140625 0.0578125 0.10546875
0 0.578125 0.40546875 0.05546875 0.13046875
0 0.165625 0.27734375 0.04609375 0.0953125
0 0.2125 0.2953125 0.05390625 0.0765625
0 0.8703125 0.81953125 0.04921875 0.09453125
0 0.36796875 0.47265625 0.0609375 0.06796875
0 0.9765625 0.51796875 0.04140625 0.15546875
0 0.78671875 0.596875 0.0421875 0.10390625
0 0.0125 0.2875 0.025 0.15
0 0.39609375 0.41875 0.0625 0.06796875
0 0.03828125 0.40390625 0.0765625 0.071875
0 0.8 0.53125 0.04765625 0.09375
0 0.90703125 0.7859375 0.03984375 0.09921875