0 0.56875 0.17109375 0.08203125 0.13046875
0 0.2 0.44140625 0.05546875 0.08359375
0 0.9203125 0.36328125 0.06328125 0.10390625
0 0.1359375 0.28828125 0.05 0.09296875
0 0.67890625 0.68046875 0.0640625 0.10546875
0 0.534375 0.46171875 0.0578125 0.0734375
0 0.59453125 0.290625 0.046875 0.1375
0 0.07265625 0.046875 0.0875 0.09296875
0 0.865625 0.81328125 0.053125 0.11015625
0 0.88046875 0.71171875 0.05234375 0.09140625
0 0.8828125 0.64296875 0.06171875 0.10546875
0 0.090625 0.29296875 0.034375 0.08046875
0 0.7453125 0.48671875 0.06015625 0.07890625
0 0.01875 0.28046875 0.0375 0.1390625
0 0.1609375 0.38046875 0.0296875 0.08046875
0 0.1890625 0.3078125 0.05390625 0.0921875
0 0.79453125 0.51953125 0.04375 0.1265625
0 0.81484375 0.53828125 0.0734375 0.1
0 0.0359375 0.39765625 0.065625 0.0796875