0 0.725 0.83828125 0.05703125 0.1265625
0 0.3640625 0.88203125 0.05234375 0.13046875
0 0.1765625 0.30546875 0.06171875 0.08359375
0 0.05234375 0.51640625 0.0578125 0.08046875
0 0.8671875 0.54921875 0.05390625 0.09609375
0 0.796875 0.76796875 0.0484375 0.11640625
0 0.09140625 0.26171875 0.075 0.1265625
0 0.659375 0.56328125 0.04609375 0.09296875
0 0.70703125 0.54296875 0.05 0.09453125
0 0.7609375 0.58671875 0.04296875 0.09296875
0 0.4953125 0.43828125 0.05234375 0.09609375
0 0.7671875 0.48203125 0.059375 0.14140625
0 0.825 0.634375 0.02734375 0.084375
0 0.0296875 0.378125 0.05 0.1046875
0 0.01328125 0.29140625 0.0265625 0.15546875
0 0.86640625 0.81484375 0.0578125 0.1078125