0 0.05 0.22734375 0.06171875 0.140625
0 0.70625 0.70546875 0.05546875 0.096875
0 0.5046875 0.40703125 0.04140625 0.06640625
0 0.4484375 0.41796875 0.05546875 0.071875
0 0.14375 0.296875 0.05390625 0.065625
0 0.7265625 0.56328125 0.04375 0.0875
0 0.0328125 0.34296875 0.04296875 0.078125
0 0.7734375 0.584375 0.04609375 0.05859375
0 0.809375 0.59765625 0.03046875 0.08671875
0 0.83515625 0.515625 0.05703125 0.0765625
0 0.6671875 0.453125 0.025 0.0625
0 0.740625 0.46796875 0.0453125 0.0640625
0 0.86875 0.8140625 0.06171875 0.11796875
0 0.76171875 0.52109375 0.04609375 0.09609375
0 0.1921875 0.340625 0.0625 0.08046875