0 0.0703125 0.09296875 0.07109375 0.103125
0 0.5671875 0.59765625 0.053125 0.10703125
0 0.7109375 0.74140625 0.05234375 0.10546875
0 0.1609375 0.153125 0.06953125 0.11640625
0 0.3078125 0.63046875 0.040625 0.09453125
0 0.1296875 0.29140625 0.04140625 0.08359375
0 0.046875 0.20078125 0.06796875 0.09296875
0 0.7421875 0.59140625 0.0625 0.08046875
0 0.84140625 0.68359375 0.05 0.103125
0 0.0078125 0.40703125 0.01484375 0.09453125
0 0.47421875 0.41171875 0.0625 0.06171875
0 0.78359375 0.5421875 0.03671875 0.078125
0 0.83046875 0.51875 0.04140625 0.09296875
0 0.8375 0.46328125 0.08515625 0.0609375
0 0.846875 0.80546875 0.0765625 0.1015625
0 0.06875 0.315625 0.0703125 0.065625