0 0.2515625 0.32265625 0.0484375 0.08203125
0 0.24140625 0.45390625 0.046875 0.10859375
0 0.7765625 0.71796875 0.05234375 0.10859375
0 0.8796875 0.65546875 0.06171875 0.11953125
0 0.82578125 0.59765625 0.04453125 0.10234375
0 0.8234375 0.52421875 0.0671875 0.06875
0 0.86015625 0.53515625 0.034375 0.10703125
0 0.5015625 0.42421875 0.05703125 0.065625
0 0.125 0.29921875 0.0515625 0.08203125
0 0.05859375 0.35234375 0.0390625 0.078125
0 0.08125 0.28203125 0.03828125 0.078125
0 0.80546875 0.82890625 0.06875 0.078125
0 0.025 0.434375 0.04140625 0.09609375
0 0.775 0.49296875 0.04140625 0.1
0 0.00859375 0.18046875 0.0171875 0.09140625
0 0.0125 0.2546875 0.025 0.06875