0 0.8296875 0.4015625 0.06015625 0.0890625
0 0.4578125 0.39140625 0.03984375 0.071875
0 0.134375 0.71171875 0.05078125 0.1234375
0 0.87578125 0.58203125 0.0515625 0.1109375
0 0.7015625 0.42578125 0.05390625 0.15703125
0 0.6453125 0.50390625 0.05546875 0.08359375
0 0.7625 0.65859375 0.0515625 0.09140625
0 0.9046875 0.45390625 0.06796875 0.06953125
0 0.0921875 0.39296875 0.0390625 0.096875
0 0.825 0.83828125 0.06484375 0.084375
0 0.4609375 0.62578125 0.13203125 0.15390625
0 0.828125 0.58515625 0.03203125 0.0734375
0 0.7390625 0.54453125 0.05546875 0.075
0 0.6390625 0.796875 0.04140625 0.075
0 0.01953125 0.3015625 0.0390625 0.0859375
0 0.05703125 0.28046875 0.0484375 0.103125
0 0.0171875 0.19609375 0.0328125 0.109375
0 0.10859375 0.33203125 0.0515625 0.0578125