0 0.2625 0.25078125 0.06171875 0.11796875
0 0.80546875 0.36171875 0.06875 0.1015625
0 0.78125 0.73671875 0.0640625 0.1125
0 0.5125 0.48671875 0.06328125 0.1484375
0 0.796875 0.53671875 0.040625 0.090625
0 0.2359375 0.34765625 0.0296875 0.10390625
0 0.68046875 0.41015625 0.0625 0.08203125
0 0.3203125 0.41796875 0.0328125 0.09140625
0 0.74140625 0.509375 0.0515625 0.08203125
0 0.54375 0.63671875 0.06015625 0.2015625
0 0.01875 0.13515625 0.0375 0.12109375
0 0.0765625 0.31484375 0.07890625 0.0578125
0 0.0171875 0.31796875 0.034375 0.096875
0 0.0515625 0.234375 0.06328125 0.07890625
0 0.83828125 0.48828125 0.05625 0.08671875
0 0.8703125 0.47890625 0.03984375 0.10859375
0 0.6859375 0.66796875 0.06796875 0.196875
0 0.54609375 0.41171875 0.04921875 0.04921875
0 0.065625 0.446875 0.046875 0.10625