0 0.6921875 0.28671875 0.06953125 0.13203125
0 0.18671875 0.29140625 0.05 0.0859375
0 0.6 0.56953125 0.0515625 0.09453125
0 0.8578125 0.26796875 0.06640625 0.1109375
0 0.30390625 0.23671875 0.046875 0.1015625
0 0.70625 0.54921875 0.04765625 0.09609375
0 0.7640625 0.60546875 0.0484375 0.10546875
0 0.809375 0.58203125 0.04609375 0.08046875
0 0.834375 0.45390625 0.0421875 0.1046875
0 0.84453125 0.37578125 0.0453125 0.09296875
0 0.9828125 0.07421875 0.03203125 0.14609375
0 0.0546875 0.23671875 0.0671875 0.0984375
0 0.7578125 0.51875 0.0390625 0.078125
0 0.7953125 0.48046875 0.046875 0.1
0 0.8671875 0.4578125 0.05 0.0984375
0 0.478125 0.39609375 0.0609375 0.06171875
0 0.7578125 0.44140625 0.03671875 0.07734375
0 0.88046875 0.33515625 0.0421875 0.09765625