0 0.784375 0.07578125 0.06953125 0.1125
0 0.2703125 0.26484375 0.06015625 0.09609375
0 0.51875 0.0453125 0.0671875 0.090625
0 0.8515625 0.30703125 0.06015625 0.103125
0 0.9078125 0.403125 0.05234375 0.109375
0 0.525 0.428125 0.04765625 0.071875
0 0.9765625 0.53515625 0.04140625 0.07890625
0 0.07734375 0.28203125 0.0578125 0.10546875
0 0.6140625 0.42421875 0.04921875 0.1265625
0 0.4625 0.440625 0.06015625 0.078125
0 0.01875 0.28359375 0.0375 0.13046875
0 0.76484375 0.59921875 0.0515625 0.0984375
0 0.00546875 0.40546875 0.0109375 0.09140625
0 0.1234375 0.32578125 0.06171875 0.065625
0 0.84609375 0.21640625 0.071875 0.0953125
0 0.8109375 0.58984375 0.0328125 0.09921875