0 0.75625 0.23359375 0.0625 0.10546875
0 0.759375 0.440625 0.04609375 0.09453125
0 0.6109375 0.103125 0.07265625 0.1140625
0 0.5421875 0.3953125 0.0625 0.059375
0 0.4234375 0.29140625 0.05859375 0.11953125
0 0.9234375 0.35546875 0.05703125 0.08359375
0 0.39375 0.44296875 0.0578125 0.06640625
0 0.478125 0.26640625 0.05703125 0.09140625
0 0.87578125 0.32578125 0.0484375 0.1375
0 0.8734375 0.45703125 0.0890625 0.09453125
0 0.5 0.53984375 0.05703125 0.0875
0 0.671875 0.72421875 0.06875 0.109375
0 0.74375 0.56328125 0.05625 0.0984375
0 0.02265625 0.290625 0.0453125 0.128125
0 0.0609375 0.209375 0.06796875 0.084375
0 0.63671875 0.021875 0.0703125 0.04296875
0 0.0125 0.57421875 0.025 0.1015625
0 0.0625 0.3234375 0.03828125 0.0765625
0 0.10546875 0.3125 0.06015625 0.08671875
0 0.09140625 0.25390625 0.06953125 0.04921875