0 0.5578125 0.07421875 0.06640625 0.1265625
0 0.44453125 0.11171875 0.0796875 0.090625
0 0.5890625 0.23515625 0.05546875 0.1234375
0 0.7515625 0.26796875 0.05625 0.103125
0 0.77734375 0.56171875 0.0359375 0.08203125
0 0.8203125 0.271875 0.0734375 0.11796875
0 0.5546875 0.603125 0.0625 0.0984375
0 0.46640625 0.35546875 0.0515625 0.09453125
0 0.4984375 0.38359375 0.0421875 0.08203125
0 0.5359375 0.38671875 0.05234375 0.065625
0 0.04296875 0.2875 0.03359375 0.0734375
0 0.0671875 0.21953125 0.06640625 0.096875
0 0.9546875 0.36328125 0.06015625 0.07890625
0 0.825 0.44296875 0.04921875 0.0890625
0 0.34765625 0.37890625 0.046875 0.0609375
0 0.08671875 0.2953125 0.05859375 0.0671875
0 0.125 0.31484375 0.04296875 0.05703125
0 0.01328125 0.29296875 0.0265625 0.11640625
0 0.88515625 0.23828125 0.07265625 0.21171875
0 0.74921875 0.4796875 0.03671875 0.11171875