0 0.1578125 0.115625 0.08046875 0.0890625
0 0.6578125 0.26171875 0.06640625 0.084375
0 0.2140625 0.309375 0.05078125 0.090625
0 0.8140625 0.340625 0.06796875 0.109375
0 0.88828125 0.85546875 0.0671875 0.153125
0 0.5 0.378125 0.0578125 0.08046875
0 0.4 0.48515625 0.05 0.09296875
0 0.6625 0.60859375 0.05859375 0.08046875
0 0.5890625 0.27421875 0.06015625 0.10390625
0 0.7109375 0.66796875 0.06953125 0.125
0 0.1390625 0.21640625 0.06640625 0.0890625
0 0.2921875 0.15546875 0.06796875 0.15546875
0 0.68125 0.909375 0.05 0.1109375
0 0.8421875 0.53046875 0.05078125 0.0734375
0 0.80078125 0.46171875 0.03828125 0.075
0 0.85546875 0.45546875 0.0484375 0.06640625
0 0.015625 0.24921875 0.03046875 0.07890625
0 0.45078125 0.3546875 0.0578125 0.09296875
0 0.478125 0.32265625 0.04921875 0.06171875
0 0.8828125 0.43125 0.04921875 0.11640625
0 0.74140625 0.5359375 0.053125 0.06640625
0 0.0734375 0.29765625 0.06953125 0.0625
0 0.36015625 0.37421875 0.05390625 0.0390625