0 0.28125 0.20390625 0.0609375 0.11953125
0 0.2296875 0.290625 0.05859375 0.078125
0 0.0796875 0.06171875 0.05859375 0.1234375
0 0.4875 0.53203125 0.05546875 0.121875
0 0.57265625 0.0640625 0.0625 0.128125
0 0.8453125 0.32421875 0.0640625 0.09296875
0 0.88203125 0.55546875 0.06875 0.096875
0 0.4140625 0.33828125 0.040625 0.09609375
0 0.596875 0.32265625 0.06171875 0.09296875
0 0.01640625 0.13515625 0.0328125 0.09296875
0 0.66328125 0.51796875 0.0421875 0.0890625
0 0.88203125 0.43515625 0.0609375 0.1125
0 0.93125 0.65703125 0.0625 0.128125
0 0.49375 0.38203125 0.0515625 0.09140625
0 0.8109375 0.70546875 0.0578125 0.1
0 0.775 0.459375 0.04296875 0.084375
0 0.4125 0.52265625 0.0609375 0.07890625
0 0.6859375 0.678125 0.06953125 0.19140625
0 0.00703125 0.40546875 0.0140625 0.0859375
0 0.01953125 0.31328125 0.0390625 0.0765625
0 0.4609375 0.3328125 0.0546875 0.0828125
0 0.821875 0.5375 0.0484375 0.09765625
0 0.05390625 0.2765625 0.0625 0.07734375