0 0.2046875 0.28203125 0.04140625 0.08046875
0 0.2515625 0.3828125 0.05546875 0.0625
0 0.1484375 0.29609375 0.0546875 0.08359375
0 0.8390625 0.56328125 0.03671875 0.1375
0 0.8828125 0.56796875 0.06640625 0.11953125
0 0.73046875 0.44609375 0.0484375 0.06953125
0 0.4859375 0.38046875 0.05703125 0.075
0 0.6953125 0.49921875 0.04140625 0.09609375
0 0.54375 0.82421875 0.03203125 0.10390625
0 0.9484375 0.69140625 0.05390625 0.06953125
0 0.759375 0.50078125 0.03828125 0.0765625
0 0.2703125 0.24296875 0.10078125 0.1109375
0 0.0171875 0.27421875 0.034375 0.09609375
0 0.18984375 0.20625 0.071875 0.08359375
0 0.790625 0.47578125 0.03359375 0.0859375
0 0.83125 0.4703125 0.04140625 0.0921875
0 0.03984375 0.3046875 0.034375 0.0953125