0 0.38359375 0.04765625 0.0578125 0.0953125
0 0.1359375 0.44453125 0.059375 0.06953125
0 0.2 0.27890625 0.04765625 0.08359375
0 0.88046875 0.7640625 0.0515625 0.096875
0 0.2484375 0.25 0.05234375 0.0640625
0 0.2609375 0.196875 0.05078125 0.0890625
0 0.60546875 0.41171875 0.0546875 0.06796875
0 0.15390625 0.81015625 0.0421875 0.10703125
0 0.40078125 0.41015625 0.0484375 0.07890625
0 0.796875 0.584375 0.1015625 0.228125
0 0.03671875 0.25546875 0.0546875 0.08046875
0 0.0046875 0.18828125 0.009375 0.09609375
0 0.1984375 0.21015625 0.06328125 0.08671875