0 0.375 0.13671875 0.09453125 0.22109375
0 0.63125 0.12734375 0.06171875 0.109375
0 0.6 0.27421875 0.0640625 0.115625
0 0.3796875 0.303125 0.04921875 0.090625
0 0.8125 0.4328125 0.04921875 0.0734375
0 0.1296875 0.24296875 0.05234375 0.09140625
0 0.0640625 0.23984375 0.0609375 0.0984375
0 0.2484375 0.240625 0.04921875 0.075
0 0.66875 0.434375 0.04453125 0.0640625
0 0.73828125 0.48359375 0.0375 0.1140625
0 0.19375 0.23671875 0.05625 0.1015625
0 0.7734375 0.471875 0.03515625 0.075
0 0.3203125 0.36171875 0.05234375 0.04609375
0 0.0125 0.28359375 0.02421875 0.11953125
0 0.2171875 0.184375 0.053125 0.0859375
0 0.05859375 0.41796875 0.075 0.06796875