0 0.4421875 0.35546875 0.06328125 0.0859375
0 0.69140625 0.4140625 0.04609375 0.08125
0 0.6828125 0.346875 0.05859375 0.1015625
0 0.1328125 0.30234375 0.0546875 0.0765625
0 0.225 0.2875 0.0546875 0.06484375
0 0.2359375 0.23359375 0.06171875 0.06171875
0 0.3125 0.36796875 0.03203125 0.0890625
0 0.6734375 0.47890625 0.05546875 0.08359375
0 0.7640625 0.54296875 0.03671875 0.05859375
0 0.7703125 0.68671875 0.06796875 0.12890625
0 0.0203125 0.26171875 0.03984375 0.06796875
0 0.015625 0.46015625 0.03125 0.0984375
0 0.525 0.41171875 0.0421875 0.04609375
0 0.7703125 0.4640625 0.03671875 0.053125
0 0.02578125 0.36796875 0.0515625 0.075
0 0.175 0.20703125 0.03515625 0.0703125
0 0.19921875 0.178125 0.040625 0.125
0 0.05546875 0.29765625 0.06640625 0.0625