0 0.3171875 0.36015625 0.03984375 0.090625
0 0.5046875 0.0703125 0.06640625 0.140625
0 0.678125 0.403125 0.0484375 0.0609375
0 0.7875 0.54296875 0.04296875 0.078125
0 0.1734375 0.17734375 0.04140625 0.09296875
0 0.95 0.75703125 0.0421875 0.13359375
0 0.71328125 0.4859375 0.0453125 0.084375
0 0.23359375 0.35 0.05625 0.04609375
0 0.24140625 0.3140625 0.0625 0.0578125
0 0.19921875 0.23984375 0.04140625 0.0578125
0 0.24375 0.246875 0.0609375 0.09296875
0 0.1875 0.33046875 0.03046875 0.05859375
0 0.00625 0.196875 0.0125 0.109375
0 0.03203125 0.265625 0.0625 0.075
0 0.0125 0.43515625 0.025 0.0984375
0 0.73359375 0.440625 0.040625 0.0828125
0 0.84609375 0.49375 0.0515625 0.0671875
0 0.0828125 0.334375 0.0453125 0.09609375
0 0.44609375 0.95859375 0.0484375 0.0828125