0 0.88203125 0.51640625 0.0671875 0.08359375
0 0.240625 0.59921875 0.0515625 0.115625
0 0.30625 0.3140625 0.05859375 0.0890625
0 0.73359375 0.475 0.04453125 0.05078125
0 0.725 0.39921875 0.05859375 0.0765625
0 0.2046875 0.25546875 0.05234375 0.06953125
0 0.2375 0.340625 0.0328125 0.0609375
0 0.6859375 0.74765625 0.04609375 0.1015625
0 0.76796875 0.39140625 0.03515625 0.1015625
0 0.81484375 0.4234375 0.0453125 0.0890625
0 0.80546875 0.37421875 0.05 0.0984375
0 0.7984375 0.58515625 0.04140625 0.09296875
0 0.1734375 0.90234375 0.05859375 0.1125
0 0.45 0.39609375 0.04921875 0.05
0 0.0390625 0.3140625 0.04375 0.08515625
0 0.08046875 0.26171875 0.05 0.09296875
0 0.20078125 0.1796875 0.05703125 0.090625
0 0.25 0.234375 0.0609375 0.08359375
0 0.0609375 0.41328125 0.0640625 0.0671875
0 0.3390625 0.3671875 0.0484375 0.0578125