0 0.62421875 0.24296875 0.0546875 0.13046875
0 0.89140625 0.428125 0.059375 0.09140625
0 0.4578125 0.24296875 0.05390625 0.146875
0 0.66015625 0.43046875 0.05625 0.0640625
0 0.18125 0.23203125 0.06171875 0.10859375
0 0.9140625 0.57421875 0.04609375 0.10390625
0 0.02890625 0.23671875 0.0578125 0.084375
0 0.7421875 0.6140625 0.05546875 0.096875
0 0.9578125 0.146875 0.08359375 0.16796875
0 0.2125 0.37421875 0.05546875 0.08203125
0 0.26640625 0.29296875 0.071875 0.05546875
0 0.2421875 0.2359375 0.046875 0.11640625
0 0.8046875 0.496875 0.03203125 0.08203125
0 0.95625 0.60078125 0.0421875 0.1015625
0 0.24375 0.025 0.06953125 0.05
0 0.0171875 0.45078125 0.034375 0.1515625
0 0.134375 0.21171875 0.06015625 0.0859375
0 0.5859375 0.421875 0.0546875 0.0453125