0 0.0359375 0.15546875 0.07109375 0.13359375
0 0.20546875 0.24765625 0.0578125 0.08203125
0 0.875 0.44453125 0.0625 0.06953125
0 0.575 0.39921875 0.0578125 0.09296875
0 0.20234375 0.45234375 0.053125 0.084375
0 0.3515625 0.52890625 0.04765625 0.09453125
0 0.26875 0.30546875 0.04375 0.08359375
0 0.64140625 0.43359375 0.046875 0.11640625
0 0.54375 0.084375 0.07578125 0.16796875
0 0.2578125 0.0328125 0.0765625 0.065625
0 0.91875 0.60859375 0.0578125 0.096875
0 0.1453125 0.20859375 0.078125 0.10859375
0 0.4453125 0.08515625 0.090625 0.1703125
0 0.78046875 0.4671875 0.0421875 0.06640625
0 0.03203125 0.25546875 0.0640625 0.0609375