0 0.2578125 0.29921875 0.0546875 0.09296875
0 0.3734375 0.22265625 0.08046875 0.10390625
0 0.90625 0.365625 0.06640625 0.10546875
0 0.4484375 0.24296875 0.06953125 0.0859375
0 0.42421875 0.48359375 0.0359375 0.1
0 0.484375 0.46796875 0.0625 0.08046875
0 0.278125 0.184375 0.05703125 0.1
0 0.8296875 0.32421875 0.05234375 0.12890625
0 0.134375 0.221875 0.053125 0.090625
0 0.9453125 0.74296875 0.0625 0.06640625
0 0.08125 0.26328125 0.0609375 0.08203125
0 0.86328125 0.50703125 0.05 0.06953125
0 0.15625 0.36171875 0.04140625 0.1046875
0 0.16796875 0.29296875 0.0328125 0.08359375
0 0.20625 0.321875 0.05078125 0.071875
0 0.7640625 0.48828125 0.05078125 0.09609375
0 0.021875 0.18671875 0.04296875 0.0625
0 0.7859375 0.38984375 0.0578125 0.084375
0 0.0296875 0.39140625 0.0515625 0.1
0 0.35390625 0.3140625 0.0453125 0.0890625
0 0.77109375 0.87421875 0.04375 0.06796875
0 0.26953125 0.10546875 0.0546875 0.090625