0 0.5625 0.44453125 0.05859375 0.0859375
0 0.3296875 0.25390625 0.06015625 0.09453125
0 0.2546875 0.22421875 0.05390625 0.084375
0 0.5625 0.340625 0.05078125 0.11640625
0 0.375 0.31640625 0.05234375 0.08359375
0 0.4890625 0.246875 0.06484375 0.159375
0 0.1953125 0.31796875 0.046875 0.08046875
0 0.7953125 0.084375 0.05546875 0.1625
0 0.1296875 0.246875 0.05859375 0.1234375
0 0.88203125 0.40859375 0.0671875 0.0859375
0 0.66796875 0.52890625 0.0375 0.0890625
0 0.7921875 0.58671875 0.05703125 0.0734375
0 0.78515625 0.47265625 0.04375 0.11015625
0 0.7828125 0.4203125 0.06484375 0.08046875
0 0.8828125 0.52421875 0.053125 0.08203125
0 0.075 0.43046875 0.04921875 0.09453125
0 0.4484375 0.41796875 0.0328125 0.09140625
0 0.03359375 0.2640625 0.05625 0.059375
0 0.025 0.19609375 0.05 0.0859375
0 0.1546875 0.36171875 0.03046875 0.090625
0 0.7125 0.43046875 0.05546875 0.08046875
0 0.2609375 0.140625 0.03984375 0.1140625
0 0.32734375 0.1796875 0.06796875 0.0953125