0 0.69453125 0.378125 0.0609375 0.0765625
0 0.275 0.13984375 0.0734375 0.1234375
0 0.115625 0.06640625 0.075 0.1328125
0 0.6875 0.66640625 0.05546875 0.0890625
0 0.928125 0.72890625 0.07109375 0.125
0 0.0359375 0.19140625 0.04921875 0.11953125
0 0.2890625 0.28828125 0.05078125 0.090625
0 0.61015625 0.446875 0.0546875 0.07109375
0 0.8390625 0.92890625 0.075 0.10859375
0 0.23515625 0.30703125 0.0671875 0.11953125
0 0.4953125 0.3703125 0.03828125 0.1125
0 0.165625 0.35078125 0.03359375 0.07109375
0 0.85 0.54296875 0.04921875 0.10546875
0 0.78515625 0.51328125 0.0578125 0.06796875
0 0.62109375 0.74765625 0.0390625 0.10390625
0 0.053125 0.29296875 0.06484375 0.06953125
0 0.6984375 0.6015625 0.06328125 0.0640625
0 0.20234375 0.2390625 0.0578125 0.075
0 0.30859375 0.23125 0.0671875 0.10234375