0 0.1921875 0.259375 0.04921875 0.10703125
0 0.02265625 0.14921875 0.0453125 0.12109375
0 0.76015625 0.58046875 0.053125 0.06953125
0 0.3625 0.36015625 0.0484375 0.06796875
0 0.8046875 0.62890625 0.0390625 0.10859375
0 0.7296875 0.51171875 0.03984375 0.09296875
0 0.9703125 0.63046875 0.05234375 0.09140625
0 0.7984375 0.44609375 0.04296875 0.09140625
0 0.3390625 0.19296875 0.0625 0.11640625
0 0.0609375 0.35078125 0.03828125 0.06796875
0 0.653125 0.43359375 0.04609375 0.071875
0 0.0515625 0.29140625 0.03984375 0.07734375
0 0.08125 0.29609375 0.04765625 0.10078125