0 0.8171875 0.36171875 0.05859375 0.10390625
0 0.7796875 0.19921875 0.06640625 0.1125
0 0.4125 0.17890625 0.06796875 0.14453125
0 0.3453125 0.28203125 0.0546875 0.08359375
0 0.9203125 0.31796875 0.0609375 0.128125
0 0.65625 0.35234375 0.0546875 0.1125
0 0.20625 0.21796875 0.04453125 0.1
0 0.67578125 0.55546875 0.0484375 0.075
0 0.04375 0.20859375 0.07421875 0.1140625
0 0.73359375 0.65625 0.059375 0.08203125
0 0.74375 0.603125 0.0546875 0.08359375
0 0.7921875 0.0390625 0.0734375 0.078125
0 0.4609375 0.434375 0.04140625 0.12265625
0 0.29140625 0.39140625 0.034375 0.10546875
0 0.0203125 0.03125 0.03984375 0.0625
0 0.77890625 0.52421875 0.04375 0.08203125
0 0.8296875 0.53203125 0.03984375 0.05546875
0 0.0265625 0.37734375 0.04921875 0.05546875
0 0.4828125 0.3609375 0.05078125 0.0875
0 0.0546875 0.31015625 0.06875 0.059375
0 0.49609375 0.4 0.034375 0.0484375