0 0.1609375 0.08671875 0.06328125 0.12890625
0 0.5640625 0.24296875 0.0625 0.121875
0 0.74921875 0.76796875 0.0484375 0.103125
0 0.796875 0.153125 0.153125 0.16640625
0 0.7265625 0.41484375 0.04609375 0.09609375
0 0.8046875 0.41328125 0.0703125 0.11796875
0 0.2390625 0.3375 0.0484375 0.075
0 0.84140625 0.63046875 0.05 0.0984375
0 0.878125 0.61796875 0.04921875 0.10859375
0 0.11875 0.303125 0.05078125 0.06953125
0 0.3015625 0.35078125 0.04296875 0.084375
0 0.8578125 0.50546875 0.0390625 0.08046875
0 0.015625 0.36796875 0.03046875 0.0640625
0 0.00625 0.246875 0.0125 0.1