0 0.71015625 0.15859375 0.084375 0.1140625
0 0.74375 0.41953125 0.04375 0.078125
0 0.2015625 0.28046875 0.05390625 0.08359375
0 0.79296875 0.4578125 0.05546875 0.09453125
0 0.7859375 0.36796875 0.071875 0.09453125
0 0.89375 0.63671875 0.04921875 0.10390625
0 0.7625 0.740625 0.05546875 0.1125
0 0.8375 0.6453125 0.04921875 0.065625
0 0.0859375 0.04921875 0.0828125 0.0984375
0 0.846875 0.46015625 0.046875 0.06796875
0 0.0140625 0.2796875 0.028125 0.103125
0 0.23671875 0.34375 0.040625 0.10390625
0 0.05078125 0.31484375 0.0515625 0.05625