0 0.22890625 0.33984375 0.06796875 0.06640625
0 0.22578125 0.27265625 0.0609375 0.0875
0 0.83671875 0.159375 0.05625 0.140625
0 0.90625 0.73203125 0.06875 0.08046875
0 0.76328125 0.63671875 0.0625 0.10390625
0 0.40859375 0.43515625 0.0296875 0.08203125
0 0.75625 0.04375 0.07265625 0.0875
0 0.20078125 0.09453125 0.08671875 0.171875
0 0.75390625 0.525 0.0328125 0.12734375
0 0.784375 0.48515625 0.07109375 0.18984375
0 0.8375 0.64921875 0.04921875 0.0625
0 0.0140625 0.28671875 0.028125 0.1265625
0 0.1953125 0.17734375 0.05234375 0.0953125
0 0.04921875 0.3046875 0.04921875 0.075
0 0.6359375 0.93671875 0.04765625 0.1265625