0 0.065625 0.05390625 0.078125 0.1078125
0 0.0859375 0.18046875 0.06796875 0.096875
0 0.44375 0.42265625 0.04296875 0.08203125
0 0.19140625 0.309375 0.03984375 0.1328125
0 0.2359375 0.26328125 0.0515625 0.084375
0 0.33125 0.32421875 0.0609375 0.0765625
0 0.76796875 0.60625 0.0578125 0.09921875
0 0.77421875 0.53671875 0.0515625 0.08203125
0 0.5640625 0.43125 0.03671875 0.0625
0 0.0328125 0.66484375 0.04921875 0.07890625
0 0.4875 0.38515625 0.0375 0.09296875
0 0.525 0.371875 0.0484375 0.109375
0 0.8328125 0.68671875 0.03671875 0.0765625
0 0.02578125 0.28203125 0.0515625 0.10546875
0 0.84375 0.60390625 0.04453125 0.1109375
0 0.8640625 0.49296875 0.06640625 0.09609375
0 0.0453125 0.95234375 0.090625 0.0953125