0 0.125 0.10390625 0.07421875 0.10546875
0 0.23125 0.20234375 0.0625 0.09609375
0 0.4828125 0.36171875 0.05625 0.09296875
0 0.1296875 0.659375 0.05625 0.078125
0 0.54296875 0.415625 0.05 0.075
0 0.259375 0.34921875 0.053125 0.09296875
0 0.409375 0.03125 0.06796875 0.0625
0 0.14765625 0.32109375 0.034375 0.05859375
0 0.0875 0.290625 0.06484375 0.0765625
0 0.8515625 0.628125 0.059375 0.1375
0 0.8875 0.53046875 0.04375 0.078125
0 0.6390625 0.0328125 0.05859375 0.065625
0 0.65546875 0.4515625 0.04296875 0.065625
0 0.7109375 0.46171875 0.0484375 0.0625
0 0.846875 0.47578125 0.06328125 0.06796875
0 0.02578125 0.31796875 0.0515625 0.0640625
0 0.95625 0.0078125 0.08515625 0.015625
0 0.5578125 0.35546875 0.0625 0.08984375