0 0.5453125 0.35078125 0.06328125 0.09296875
0 0.6375 0.26171875 0.06484375 0.09296875
0 0.3671875 0.38828125 0.05234375 0.065625
0 0.2328125 0.29140625 0.05 0.08046875
0 0.28203125 0.34609375 0.0375 0.0625
0 0.33828125 0.26953125 0.04140625 0.10078125
0 0.340625 0.19453125 0.05625 0.1109375
0 0.50546875 0.778125 0.05 0.0765625
0 0.68828125 0.57421875 0.05625 0.090625
0 0.7359375 0.78671875 0.0390625 0.12109375
0 0.065625 0.409375 0.03359375 0.0859375
0 0.25 0.35859375 0.03984375 0.075
0 0.03515625 0.31328125 0.0546875 0.06875
0 0.5828125 0.4125 0.04609375 0.08359375
0 0.2890625 0.94453125 0.03203125 0.1109375