0 0.04453125 0.06640625 0.0890625 0.1328125
0 0.821875 0.28671875 0.07421875 0.1125
0 0.56875 0.0578125 0.06328125 0.115625
0 0.6109375 0.57890625 0.05234375 0.08046875
0 0.67265625 0.47734375 0.0421875 0.07890625
0 0.81953125 0.396875 0.0515625 0.096875
0 0.8078125 0.68359375 0.04765625 0.128125
0 0.4890625 0.47578125 0.05390625 0.090625
0 0.43515625 0.72421875 0.0375 0.1265625
0 0.73515625 0.59609375 0.0453125 0.09140625
0 0.896875 0.38046875 0.06171875 0.13046875
0 0.1609375 0.35390625 0.03828125 0.08046875
0 0.775 0.49921875 0.04921875 0.07890625
0 0.3140625 0.3875 0.03671875 0.10078125
0 0.35 0.37265625 0.0515625 0.08203125
0 0.0296875 0.27890625 0.05859375 0.1140625
0 0.3953125 0.36953125 0.03828125 0.06953125
0 0.384375 0.3140625 0.07109375 0.071875
0 0.95703125 0.4453125 0.0421875 0.13203125
0 0.06015625 0.36484375 0.0390625 0.0953125