0 0.8234375 0.15234375 0.08828125 0.10390625
0 0.2609375 0.20546875 0.0546875 0.10546875
0 0.44453125 0.48203125 0.0484375 0.075
0 0.3234375 0.3453125 0.03515625 0.084375
0 0.36484375 0.36640625 0.053125 0.075
0 0.0390625 0.18515625 0.078125 0.109375
0 0.83125 0.28203125 0.06171875 0.1140625
0 0.3046875 0.15078125 0.046875 0.11796875
0 0.2140625 0.38828125 0.04765625 0.08203125
0 0.79453125 0.5 0.03359375 0.07890625
0 0.81015625 0.4140625 0.05625 0.1
0 0.39296875 0.44453125 0.0578125 0.06953125
0 0.4890625 0.44921875 0.05234375 0.06796875
0 0.3046875 0.69921875 0.040625 0.08203125
0 0.9 0.37265625 0.06484375 0.09296875
0 0.58125 0.8765625 0.04296875 0.1109375
0 0.70703125 0.03046875 0.08125 0.0609375
0 0.29375 0.34296875 0.0375 0.078125
0 0.721875 0.49296875 0.05390625 0.06953125
0 0.02421875 0.29765625 0.04140625 0.10390625
0 0.7671875 0.50625 0.0390625 0.075
0 0.06875 0.2984375 0.046875 0.10390625