0 0.60625 0.228125 0.07265625 0.109375
0 0.16640625 0.340625 0.04453125 0.078125
0 0.21875 0.29921875 0.0625 0.10390625
0 0.3078125 0.13203125 0.0578125 0.1109375
0 0.4328125 0.4703125 0.0640625 0.0765625
0 0.540625 0.27421875 0.06328125 0.09296875
0 0.3625 0.41171875 0.04765625 0.08203125
0 0.37265625 0.48671875 0.05625 0.07109375
0 0.3296875 0.265625 0.04765625 0.0984375
0 0.275 0.34921875 0.03984375 0.0625
0 0.8890625 0.2078125 0.0875 0.134375
0 0.91796875 0.40703125 0.05625 0.08046875
0 0.5671875 0.43203125 0.03828125 0.06953125
0 0.3984375 0.64921875 0.0328125 0.09609375
0 0.0203125 0.2140625 0.03984375 0.1140625
0 0.0140625 0.1 0.028125 0.10625
0 0.85 0.43671875 0.0484375 0.0984375
0 0.33671875 0.34765625 0.0546875 0.0734375
0 0.30546875 0.69921875 0.0359375 0.0875
0 0.06796875 0.26640625 0.0421875 0.06640625
0 0.7765625 0.54140625 0.06953125 0.08046875
0 0.11875 0.309375 0.04375 0.0609375
0 0.95234375 0.23671875 0.06640625 0.14921875