0 0.29296875 0.44140625 0.05 0.08046875
0 0.028125 0.79140625 0.0421875 0.15546875
0 0.3421875 0.14609375 0.06328125 0.09140625
0 0.91875 0.23046875 0.06171875 0.1
0 0.39609375 0.14140625 0.05 0.11640625
0 0.8734375 0.41015625 0.0625 0.0890625
0 0.88046875 0.57109375 0.05625 0.1109375
0 0.6875 0.47265625 0.04375 0.10703125
0 0.45625 0.3953125 0.04140625 0.059375
0 0.421875 0.34921875 0.06015625 0.09296875
0 0.02265625 0.22578125 0.0453125 0.1109375
0 0.05390625 0.21171875 0.0484375 0.07890625
0 0.790625 0.54296875 0.04609375 0.0890625
0 0.2984375 0.34296875 0.05546875 0.078125
0 0.30546875 0.70234375 0.0328125 0.090625
0 0.11171875 0.25390625 0.0625 0.0859375
0 0.975 0.284375 0.0484375 0.1125
0 0.028125 0.32578125 0.05 0.07109375
0 0.88984375 0.46015625 0.05546875 0.06171875
0 0.33984375 0.47890625 0.06796875 0.065625
0 0.15390625 0.30625 0.06796875 0.06328125