0 0.4125 0.334375 0.04921875 0.0875
0 0.36953125 0.29765625 0.0484375 0.07890625
0 0.86171875 0.4453125 0.065625 0.06171875
0 0.9078125 0.36796875 0.0515625 0.096875
0 0.18125 0.56328125 0.05703125 0.07890625
0 0.35 0.21796875 0.05 0.10859375
0 0.3046875 0.70703125 0.03671875 0.0859375
0 0.184375 0.28046875 0.05390625 0.078125
0 0.68046875 0.71015625 0.0515625 0.13203125
0 0.6875 0.44296875 0.03984375 0.078125
0 0.796875 0.596875 0.04140625 0.09296875
0 0.0765625 0.0515625 0.06875 0.103125
0 0.13125 0.27890625 0.05078125 0.078125
0 0.0875 0.22265625 0.0578125 0.08203125
0 0.1875 0.38359375 0.04921875 0.06640625
0 0.759375 0.5078125 0.040625 0.07890625
0 0.071875 0.29765625 0.02890625 0.07109375
0 0.83125 0.51953125 0.03046875 0.0859375
0 0.00625 0.30390625 0.0125 0.08046875
0 0.45234375 0.396875 0.0484375 0.0578125
0 0.7609375 0.45390625 0.0375 0.05625