0 0.7234375 0.41640625 0.06171875 0.1359375
0 0.1390625 0.38515625 0.05 0.084375
0 0.88125 0.59921875 0.0609375 0.09609375
0 0.55078125 0.85546875 0.0359375 0.11640625
0 0.79296875 0.75234375 0.05625 0.07109375
0 0.096875 0.24296875 0.04609375 0.103125
0 0.90625 0.49921875 0.05546875 0.0625
0 0.365625 0.41953125 0.03671875 0.09453125
0 0.1546875 0.28203125 0.05859375 0.08046875
0 0.7796875 0.3984375 0.07421875 0.08359375
0 0.80859375 0.37421875 0.0515625 0.109375
0 0.2296875 0.340625 0.04765625 0.0609375
0 0.3046875 0.71015625 0.03828125 0.08203125
0 0.8453125 0.53046875 0.04453125 0.05859375
0 0.0328125 0.33359375 0.065625 0.0703125