0 0.9390625 0.2484375 0.10078125 0.1109375
0 0.3609375 0.42890625 0.05703125 0.0859375
0 0.665625 0.23515625 0.06640625 0.12109375
0 0.63828125 0.31953125 0.0640625 0.08046875
0 0.53359375 0.41015625 0.04375 0.06796875
0 0.621875 0.43515625 0.03203125 0.0625
0 0.88125 0.49375 0.0734375 0.109375
0 0.0640625 0.6203125 0.04609375 0.08203125
0 0.71640625 0.490625 0.0546875 0.08203125
0 0.78125 0.8359375 0.06796875 0.078125
0 0.8046875 0.409375 0.0546875 0.08203125
0 0.9703125 0.31875 0.05703125 0.09296875