0 0.5234375 0.103125 0.0875 0.20625
0 0.57421875 0.52265625 0.05 0.06796875
0 0.2390625 0.02890625 0.071875 0.0578125
0 0.3171875 0.4953125 0.04765625 0.0984375
0 0.93125 0.34375 0.0828125 0.12109375
0 0.59609375 0.35234375 0.0546875 0.0734375
0 0.08203125 0.275 0.046875 0.11953125
0 0.815625 0.40625 0.07734375 0.07890625
0 0.24453125 0.35390625 0.0390625 0.1359375
0 0.9015625 0.49765625 0.05234375 0.09609375
0 0.32578125 0.390625 0.0484375 0.090625
0 0.51015625 0.396875 0.0453125 0.059375
0 0.5546875 0.409375 0.04453125 0.065625