0 0.24296875 0.215625 0.0671875 0.109375
0 0.5734375 0.290625 0.06015625 0.10546875
0 0.4953125 0.54140625 0.05390625 0.071875
0 0.484375 0.34921875 0.06171875 0.06796875
0 0.5734375 0.4 0.05703125 0.075
0 0.33515625 0.4 0.0546875 0.103125
0 0.4453125 0.4125 0.05234375 0.078125
0 0.9125 0.4 0.06640625 0.1109375
0 0.80625 0.38359375 0.0609375 0.1
0 0.853125 0.4015625 0.06171875 0.0859375
0 0.9734375 0.5875 0.03671875 0.075
0 0.646875 0.72109375 0.05390625 0.1
0 0.74765625 0.4671875 0.053125 0.05390625
0 0.93046875 0.5 0.04375 0.09140625