0 0.64375 0.7328125 0.04453125 0.115625
0 0.921875 0.62890625 0.04140625 0.096875
0 0.8921875 0.26484375 0.06171875 0.09296875
0 0.353125 0.31796875 0.04765625 0.08359375
0 0.87890625 0.63359375 0.05625 0.08046875
0 0.45078125 0.409375 0.0515625 0.078125
0 0.6546875 0.4421875 0.059375 0.0734375
0 0.13125 0.096875 0.05546875 0.09453125
0 0.88671875 0.38359375 0.046875 0.10859375
0 0.3953125 0.36875 0.04296875 0.0734375
0 0.12578125 0.034375 0.0421875 0.06875
0 0.4359375 0.33203125 0.04765625 0.0859375
0 0.9484375 0.371875 0.05078125 0.1109375
0 0.8296875 0.890625 0.03515625 0.11640625
0 0.2125 0.28359375 0.0453125 0.0890625
0 0.25390625 0.31953125 0.0515625 0.06953125
0 0.171875 0.315625 0.0515625 0.1
0 0.5640625 0.40078125 0.05546875 0.0875
0 0.59375 0.43359375 0.0546875 0.08359375
0 0.665625 0.390625 0.059375 0.0859375
0 0.284375 0.303125 0.0609375 0.084375
0 0.78046875 0.496875 0.0453125 0.0984375
0 0.740625 0.45390625 0.0375 0.0703125