0 0.4 0.6875 0.04453125 0.128125
0 0.040625 0.040625 0.06875 0.08125
0 0.36875 0.37265625 0.05234375 0.07109375
0 0.29375 0.425 0.03046875 0.09140625
0 0.9359375 0.56796875 0.0625 0.078125
0 0.14375 0.221875 0.06171875 0.08046875
0 0.746875 0.58984375 0.04609375 0.0625
0 0.034375 0.1828125 0.05859375 0.09296875
0 0.228125 0.29140625 0.059375 0.08046875
0 0.084375 0.21640625 0.04296875 0.10859375
0 0.72890625 0.18671875 0.2390625 0.2265625
0 0.8203125 0.35859375 0.0671875 0.075
0 0.97265625 0.23125 0.0515625 0.09609375
0 0.640625 0.4265625 0.04765625 0.0859375
0 0.16953125 0.34453125 0.040625 0.05859375
0 0.90546875 0.4 0.0671875 0.09453125
0 0.765625 0.38359375 0.05078125 0.0859375
0 0.18671875 0.28828125 0.0453125 0.08203125
0 0.5796875 0.42421875 0.03984375 0.065625
0 0.9421875 0.734375 0.06015625 0.09609375
0 0.70625 0.5203125 0.05078125 0.09296875
0 0.825 0.5546875 0.02578125 0.0765625
0 0.60703125 0.39765625 0.05 0.08203125
0 0.7 0.38984375 0.05546875 0.0734375
0 0.03359375 0.375 0.0609375 0.0796875