0 0.6890625 0.75 0.04765625 0.11640625
0 0.7859375 0.3828125 0.06328125 0.090625
0 0.18359375 0.34921875 0.04296875 0.065625
0 0.184375 0.28984375 0.0515625 0.109375
0 0.29765625 0.43828125 0.0390625 0.1015625
0 0.6796875 0.55625 0.0546875 0.09609375
0 0.065625 0.19453125 0.0703125 0.103125
0 0.75078125 0.57421875 0.0578125 0.0984375
0 0.46015625 0.4 0.0375 0.06953125
0 0.7140625 0.4515625 0.05 0.09453125
0 0.70625 0.3953125 0.05625 0.0765625
0 0.15390625 0.34375 0.028125 0.065625
0 0.93046875 0.584375 0.05 0.09453125
0 0.25625 0.38125 0.03671875 0.09609375
0 0.390625 0.40859375 0.0453125 0.08046875
0 0.65 0.41484375 0.0359375 0.0984375
0 0.365625 0.371875 0.04375 0.06953125
0 0.6109375 0.4125 0.04765625 0.10859375
0 0.934375 0.68359375 0.05234375 0.10546875
0 0.58125 0.42109375 0.05078125 0.078125
0 0.21328125 0.26875 0.05234375 0.0703125