0 0.915625 0.6265625 0.090625 0.171875
0 0.940625 0.446875 0.05234375 0.0890625
0 0.8234375 0.36796875 0.04609375 0.1
0 0.8671875 0.4828125 0.05390625 0.109375
0 0.1171875 0.378125 0.03984375 0.06640625
0 0.7921875 0.43359375 0.04375 0.078125
0 0.1765625 0.28046875 0.0546875 0.08046875
0 0.025 0.315625 0.05 0.0875
0 0.21328125 0.259375 0.040625 0.10703125
0 0.77265625 0.25 0.1140625 0.25078125
0 0.49765625 0.40703125 0.0421875 0.08046875
0 0.80546875 0.60546875 0.0296875 0.0890625
0 0.58046875 0.4328125 0.053125 0.05703125
0 0.61875 0.40859375 0.0328125 0.10234375
0 0.34296875 0.359375 0.0484375 0.06796875
0 0.0125 0.43125 0.025 0.07890625
0 0.3640625 0.3859375 0.0375 0.0859375