0 0.234375 0.06328125 0.0859375 0.1265625
0 0.490625 0.253125 0.04609375 0.10390625
0 0.88125 0.13671875 0.06875 0.1375
0 0.790625 0.26796875 0.05234375 0.146875
0 0.10703125 0.61328125 0.0484375 0.0984375
0 0.2578125 0.25234375 0.065625 0.08203125
0 0.52265625 0.44296875 0.03125 0.09140625
0 0.9171875 0.39609375 0.04140625 0.1390625
0 0.1796875 0.2796875 0.05703125 0.065625
0 0.82109375 0.11640625 0.0671875 0.121875
0 0.58046875 0.42734375 0.0453125 0.07578125
0 0.6234375 0.4109375 0.0359375 0.1203125
0 0.953125 0.415625 0.03671875 0.09140625
0 0.8796875 0.69765625 0.06171875 0.11640625
0 0.3484375 0.35859375 0.07421875 0.09140625
0 0.7890625 0.52578125 0.03828125 0.0765625
0 0.025 0.3203125 0.034375 0.103125
0 0.94765625 0.5078125 0.0515625 0.06796875
0 0.1640625 0.409375 0.05859375 0.075
0 0.88984375 0.6453125 0.059375 0.09453125
0 0.0171875 0.259375 0.034375 0.096875