0 0.3125 0.5390625 0.0671875 0.15859375
0 0.0453125 0.10546875 0.07734375 0.128125
0 0.184375 0.278125 0.0515625 0.07109375
0 0.6875 0.41953125 0.04609375 0.075
0 0.52578125 0.2234375 0.0671875 0.0890625
0 0.953125 0.41015625 0.04140625 0.090625
0 0.34375 0.353125 0.04921875 0.0765625
0 0.5765625 0.44375 0.05859375 0.1265625
0 0.6171875 0.40703125 0.03515625 0.096875
0 0.83125 0.675 0.0453125 0.05859375
0 0.8234375 0.58203125 0.04921875 0.0890625
0 0.3078125 0.303125 0.05234375 0.09296875
0 0.8375 0.096875 0.0796875 0.11953125
0 0.875 0.16171875 0.059375 0.1265625
0 0.9421875 0.76015625 0.0609375 0.10078125
0 0.0984375 0.44921875 0.05546875 0.08828125
0 0.2296875 0.3546875 0.0609375 0.06796875
0 0.01875 0.38984375 0.0375 0.0765625
0 0.0296875 0.30703125 0.0421875 0.0671875
0 0.0140625 0.290625 0.028125 0.09375
0 0.771875 0.49765625 0.05859375 0.09296875