0 0.56484375 0.665625 0.0703125 0.125
0 0.6265625 0.7359375 0.0484375 0.11640625
0 0.3765625 0.55859375 0.03828125 0.09140625
0 0.8328125 0.390625 0.0828125 0.1140625
0 0.09375 0.209375 0.06015625 0.090625
0 0.31875 0.3046875 0.06796875 0.09609375
0 0.184375 0.284375 0.03828125 0.07890625
0 0.9546875 0.4109375 0.0375 0.0890625
0 0.14140625 0.25703125 0.04375 0.08359375
0 0.3 0.35078125 0.0546875 0.0625
0 0.9515625 0.7640625 0.06484375 0.09453125
0 0.575 0.42734375 0.05 0.090625
0 0.828125 0.6609375 0.03515625 0.078125
0 0.1109375 0.45390625 0.06640625 0.06953125
0 0.025 0.3046875 0.04921875 0.12109375
0 0.890625 0.14921875 0.08125 0.08671875
0 0.85078125 0.10546875 0.08203125 0.08515625
0 0.625 0.415625 0.03671875 0.10078125
0 0.12265625 0.39765625 0.06796875 0.05703125
0 0.85703125 0.21796875 0.09453125 0.06953125