0 0.47734375 0.675 0.04375 0.1140625
0 0.4125 0.61171875 0.02890625 0.1015625
0 0.7203125 0.6859375 0.05390625 0.1140625
0 0.3203125 0.2953125 0.06171875 0.08203125
0 0.1046875 0.284375 0.06328125 0.10390625
0 0.9328125 0.0765625 0.06875 0.1390625
0 0.90078125 0.72578125 0.04375 0.115625
0 0.8359375 0.7203125 0.03828125 0.09296875
0 0.1515625 0.42265625 0.0609375 0.115625
0 0.225 0.315625 0.0515625 0.075
0 0.8703125 0.08671875 0.06640625 0.1375
0 0.02421875 0.2953125 0.0484375 0.134375
0 0.55 0.39140625 0.0453125 0.09453125
0 0.65 0.46796875 0.03359375 0.11953125
0 0.69453125 0.475 0.0265625 0.08359375
0 0.9609375 0.409375 0.03828125 0.08203125
0 0.1828125 0.3015625 0.05234375 0.05
0 0.9484375 0.790625 0.05703125 0.10390625
0 0.87109375 0.71328125 0.04375 0.134375
0 0.171875 0.2546875 0.05546875 0.07890625
0 0.621875 0.41171875 0.0515625 0.084375
0 0.809375 0.5984375 0.04921875 0.071875
0 0.01484375 0.44375 0.0296875 0.109375