0 0.5875 0.3015625 0.07109375 0.125
0 0.5828125 0.70390625 0.0453125 0.103125
0 0.3828125 0.6125 0.0484375 0.09453125
0 0.58125 0.453125 0.04921875 0.08046875
0 0.68828125 0.503125 0.04375 0.06796875
0 0.9171875 0.4546875 0.05703125 0.08203125
0 0.88828125 0.3640625 0.05 0.1109375
0 0.203125 0.315625 0.040625 0.09296875
0 0.1234375 0.4109375 0.05234375 0.0640625
0 0.93046875 0.371875 0.0546875 0.0859375
0 0.8375 0.56484375 0.04765625 0.0484375
0 0.15 0.359375 0.0515625 0.065625
0 0.0234375 0.271875 0.046875 0.05703125