0 0.58125 0.3046875 0.07421875 0.140625
0 0.909375 0.5125 0.04609375 0.13359375
0 0.1234375 0.2859375 0.08046875 0.10859375
0 0.2609375 0.490625 0.05234375 0.084375
0 0.625 0.53203125 0.04140625 0.0890625
0 0.8140625 0.334375 0.07421875 0.08203125
0 0.8703125 0.5265625 0.0515625 0.075
0 0.8015625 0.40234375 0.05234375 0.08203125
0 0.97890625 0.42265625 0.0390625 0.15703125
0 0.60234375 0.44921875 0.08125 0.0875
0 0.78671875 0.28203125 0.0671875 0.09140625
0 0.7640625 0.45078125 0.04609375 0.07109375
0 0.621875 0.45625 0.04140625 0.07109375