0 0.609375 0.296875 0.0703125 0.15390625
0 0.4171875 0.140625 0.05078125 0.11953125
0 0.6171875 0.53515625 0.0640625 0.0984375
0 0.1828125 0.3140625 0.06796875 0.128125
0 0.90625 0.5546875 0.05546875 0.1015625
0 0.884375 0.7875 0.06953125 0.103125
0 0.68125 0.40859375 0.0609375 0.08046875
0 0.546875 0.4390625 0.046875 0.078125
0 0.284375 0.34296875 0.03671875 0.0890625
0 0.1765625 0.709375 0.053125 0.10703125
0 0.10625 0.40859375 0.05703125 0.0609375
0 0.0921875 0.453125 0.0484375 0.08046875
0 0.7671875 0.4015625 0.053125 0.08046875
0 0.03125 0.2859375 0.05078125 0.071875
0 0.07734375 0.30390625 0.0265625 0.053125
0 0.0328125 0.5390625 0.06484375 0.08046875
0 0.86640625 0.51640625 0.046875 0.0890625
0 0.0109375 0.43515625 0.021875 0.0890625
0 0.775 0.4796875 0.08203125 0.134375