0 0.7609375 0.2140625 0.06875 0.10859375
0 0.4046875 0.33671875 0.06171875 0.0765625
0 0.628125 0.39140625 0.0671875 0.078125
0 0.32734375 0.36328125 0.0515625 0.05703125
0 0.8640625 0.353125 0.07578125 0.084375
0 0.5640625 0.45078125 0.040625 0.090625
0 0.65234375 0.84609375 0.0484375 0.15859375
0 0.640625 0.66328125 0.08984375 0.10703125
0 0.5109375 0.03828125 0.06953125 0.0765625
0 0.2671875 0.3796875 0.05390625 0.09296875
0 0.88125 0.42734375 0.0703125 0.10390625
0 0.84609375 0.48515625 0.05 0.07890625