0 0.909375 0.078125 0.07890625 0.15546875
0 0.79375 0.31015625 0.03984375 0.13203125
0 0.3875 0.2203125 0.0578125 0.10703125
0 0.5953125 0.5890625 0.03671875 0.11640625
0 0.6953125 0.6 0.06015625 0.075
0 0.8609375 0.478125 0.04140625 0.10625
0 0.290625 0.37890625 0.04140625 0.075
0 0.38515625 0.34453125 0.065625 0.078125
0 0.203125 0.68515625 0.06328125 0.0875
0 0.9640625 0.39375 0.04140625 0.08203125
0 0.02421875 0.23515625 0.0484375 0.07109375
0 0.675 0.4703125 0.03515625 0.08203125
0 0.41328125 0.38515625 0.0375 0.06796875
0 0.096875 0.2953125 0.04765625 0.07890625
0 0.128125 0.3671875 0.04140625 0.07109375
0 0.765625 0.90703125 0.0484375 0.103125
0 0.0234375 0.290625 0.046875 0.040625
0 0.0796875 0.85625 0.03984375 0.0625