0 0.9375 0.07109375 0.08984375 0.1390625
0 0.303125 0.559375 0.06015625 0.071875
0 0.57421875 0.409375 0.05 0.075
0 0.2703125 0.32578125 0.046875 0.0875
0 0.1890625 0.278125 0.059375 0.096875
0 0.37109375 0.30390625 0.0578125 0.08359375
0 0.8046875 0.6328125 0.04921875 0.1015625
0 0.175 0.36015625 0.0375 0.0765625
0 0.1203125 0.95234375 0.04375 0.090625
0 0.8078125 0.3875 0.04609375 0.11640625
0 0.06328125 0.26640625 0.0453125 0.078125
0 0.8421875 0.8703125 0.04296875 0.07109375
0 0.85703125 0.384375 0.071875 0.1125
0 0.0171875 0.26171875 0.03359375 0.07890625