0 0.3671875 0.159375 0.06328125 0.128125
0 0.68671875 0.07734375 0.103125 0.1515625
0 0.6390625 0.45625 0.05390625 0.1234375
0 0.375 0.37265625 0.040625 0.090625
0 0.25625 0.325 0.06015625 0.0859375
0 0.83125 0.3421875 0.0546875 0.14296875
0 0.6828125 0.6046875 0.034375 0.08203125
0 0.8046875 0.6328125 0.05 0.084375
0 0.16875 0.33984375 0.03984375 0.0515625
0 0.346875 0.04296875 0.059375 0.0859375
0 0.8765625 0.48828125 0.08359375 0.0984375
0 0.81328125 0.87109375 0.04375 0.06953125
0 0.0984375 0.26015625 0.05859375 0.0625
0 0.07890625 0.34453125 0.0421875 0.0890625