0 0.515625 0.43515625 0.05234375 0.159375
0 0.51171875 0.22421875 0.0546875 0.11796875
0 0.5703125 0.45703125 0.05234375 0.103125
0 0.1671875 0.32265625 0.0421875 0.07109375
0 0.34296875 0.521875 0.046875 0.0875
0 0.95625 0.6234375 0.084375 0.13046875
0 0.2890625 0.6796875 0.04765625 0.0765625
0 0.746875 0.45859375 0.04140625 0.06640625
0 0.90234375 0.721875 0.046875 0.0984375
0 0.0875 0.25078125 0.07265625 0.12109375
0 0.7953125 0.50546875 0.03828125 0.078125
0 0.9453125 0.02109375 0.06171875 0.04140625
0 0.02265625 0.2671875 0.0453125 0.09296875
0 0.10625 0.2859375 0.0375 0.0578125