0 0.90234375 0.228125 0.0625 0.11640625
0 0.525 0.334375 0.04765625 0.09609375
0 0.9015625 0.68203125 0.06328125 0.1140625
0 0.5546875 0.44609375 0.03984375 0.09140625
0 0.871875 0.578125 0.05078125 0.09140625
0 0.7609375 0.7140625 0.03984375 0.10859375
0 0.825 0.7171875 0.03046875 0.0984375
0 0.30625 0.61796875 0.04140625 0.0890625
0 0.334375 0.553125 0.05546875 0.059375
0 0.7625 0.415625 0.05703125 0.1015625
0 0.1046875 0.2890625 0.04453125 0.0796875
0 0.1015625 0.22734375 0.07265625 0.05546875
0 0.05546875 0.34375 0.03984375 0.0625