0 0.328125 0.59375 0.0578125 0.084375
0 0.3359375 0.49765625 0.04609375 0.0875
0 0.58125 0.44140625 0.05625 0.0734375
0 0.8265625 0.328125 0.046875 0.1140625
0 0.625 0.82578125 0.03125 0.14296875
0 0.85625 0.39921875 0.06796875 0.0875
0 0.790625 0.6015625 0.0390625 0.103125
0 0.1015625 0.28671875 0.04609375 0.109375
0 0.8703125 0.5890625 0.0453125 0.09140625
0 0.1796875 0.3265625 0.03203125 0.046875
0 0.05625 0.265625 0.040625 0.13046875
0 0.83046875 0.521875 0.0359375 0.078125
0 0.759375 0.49765625 0.08515625 0.10703125
0 0.14921875 0.27578125 0.0515625 0.084375
0 0.01484375 0.26171875 0.0296875 0.0875