0 0.540625 0.584375 0.06171875 0.0859375
0 0.84609375 0.2828125 0.0609375 0.11796875
0 0.3703125 0.409375 0.04921875 0.08359375
0 0.38671875 0.5140625 0.0421875 0.09453125
0 0.1296875 0.20078125 0.059375 0.08203125
0 0.86640625 0.515625 0.0421875 0.096875
0 0.746875 0.496875 0.05703125 0.08046875
0 0.0953125 0.27265625 0.0484375 0.10703125
0 0.68046875 0.471875 0.040625 0.08203125
0 0.89375 0.46875 0.046875 0.115625
0 0.19765625 0.321875 0.0265625 0.05
0 0.05625 0.275 0.03828125 0.05859375
0 0.0171875 0.26328125 0.034375 0.06796875
0 0.6421875 0.4515625 0.04140625 0.0640625