0 0.5875 0.27578125 0.05703125 0.1265625
0 0.446875 0.3046875 0.05390625 0.09609375
0 0.56875 0.41875 0.04296875 0.06796875
0 0.96484375 0.38984375 0.0390625 0.08203125
0 0.8484375 0.09765625 0.08828125 0.109375
0 0.1890625 0.41953125 0.04765625 0.171875
0 0.8484375 0.53671875 0.05859375 0.07890625
0 0.74453125 0.56640625 0.0609375 0.071875
0 0.09375 0.65546875 0.06171875 0.08359375
0 0.390625 0.334375 0.05234375 0.1
0 0.384375 0.25859375 0.05078125 0.0859375
0 0.06796875 0.2890625 0.05 0.0859375
0 0.85 0.44453125 0.05859375 0.078125