0 0.93515625 0.11640625 0.0859375 0.1390625
0 0.14375 0.1515625 0.0625 0.11953125
0 0.78984375 0.77578125 0.04375 0.1015625
0 0.90703125 0.7578125 0.0390625 0.10703125
0 0.54375 0.51796875 0.0390625 0.09453125
0 0.409375 0.47578125 0.03203125 0.09296875
0 0.7546875 0.453125 0.0421875 0.078125
0 0.334375 0.359375 0.05078125 0.0640625
0 0.0828125 0.20390625 0.06328125 0.0859375
0 0.10078125 0.30625 0.0390625 0.07109375
0 0.79453125 0.4578125 0.0265625 0.0765625
0 0.021875 0.265625 0.04296875 0.0734375
0 0.86015625 0.4875 0.034375 0.1109375