0 0.1328125 0.14140625 0.0703125 0.09140625
0 0.8578125 0.84140625 0.05078125 0.10546875
0 0.75 0.378125 0.05 0.09140625
0 0.76171875 0.54609375 0.05 0.103125
0 0.56953125 0.475 0.0515625 0.09140625
0 0.0703125 0.190625 0.06171875 0.090625
0 0.3890625 0.4453125 0.03984375 0.08203125
0 0.38046875 0.3765625 0.05625 0.0609375
0 0.0171875 0.27734375 0.034375 0.0734375
0 0.709375 0.4734375 0.0484375 0.05859375
0 0.01640625 0.465625 0.0328125 0.1015625
0 0.0984375 0.28671875 0.04765625 0.0734375
0 0.803125 0.415625 0.0703125 0.14140625
0 0.0296875 0.2203125 0.05859375 0.0984375