0 0.47734375 0.32734375 0.059375 0.1015625
0 0.41953125 0.7296875 0.0484375 0.09296875
0 0.21015625 0.04375 0.0640625 0.0875
0 0.4828125 0.409375 0.06328125 0.0609375
0 0.6671875 0.565625 0.0390625 0.11640625
0 0.8078125 0.59296875 0.0515625 0.078125
0 0.59375 0.40703125 0.053125 0.071875
0 0.3890625 0.3625 0.04609375 0.0890625
0 0.296875 0.375 0.05546875 0.075
0 0.7296875 0.4484375 0.05859375 0.071875
0 0.77109375 0.41953125 0.0625 0.06953125
0 0.6390625 0.459375 0.06015625 0.078125
0 0.115625 0.31015625 0.06328125 0.15703125
0 0.8578125 0.509375 0.03671875 0.07109375
0 0.35 0.3625 0.04296875 0.0609375
0 0.0546875 0.27109375 0.078125 0.0921875