0 0.58828125 0.2546875 0.059375 0.1234375
0 0.74453125 0.30859375 0.0546875 0.13046875
0 0.9671875 0.3859375 0.03828125 0.08359375
0 0.390625 0.33515625 0.05390625 0.07890625
0 0.38125 0.265625 0.04453125 0.09609375
0 0.2328125 0.396875 0.05859375 0.0609375
0 0.5546875 0.4125 0.05 0.05859375
0 0.8484375 0.540625 0.0546875 0.071875
0 0.0671875 0.290625 0.04375 0.09296875
0 0.6625 0.45078125 0.05625 0.053125
0 0.81171875 0.465625 0.06640625 0.06875
0 0.73828125 0.559375 0.059375 0.0796875
0 0.7046875 0.496875 0.0546875 0.06484375