0 0.29375 0.59921875 0.04140625 0.115625
0 0.1953125 0.04609375 0.065625 0.09140625
0 0.41796875 0.7296875 0.0453125 0.09609375
0 0.6046875 0.41640625 0.05625 0.15
0 0.7984375 0.05859375 0.07265625 0.11640625
0 0.05625 0.234375 0.06328125 0.115625
0 0.728125 0.43125 0.06328125 0.08203125
0 0.8109375 0.59140625 0.05 0.0640625
0 0.85 0.528125 0.04921875 0.071875
0 0.346875 0.296875 0.05234375 0.10390625
0 0.45625 0.40703125 0.04375 0.0640625
0 0.0265625 0.35390625 0.05234375 0.071875
0 0.3953125 0.3328125 0.06484375 0.10703125
0 0.61015625 0.45234375 0.0453125 0.07890625
0 0.2734375 0.37265625 0.03984375 0.06796875
0 0.43984375 0.35625 0.0546875 0.10390625
0 0.603125 0.38125 0.04453125 0.07890625