0 0.4125 0.721875 0.0609375 0.09453125
0 0.39921875 0.36796875 0.0609375 0.075
0 0.2109375 0.23828125 0.0640625 0.09609375
0 0.2921875 0.5015625 0.06328125 0.1109375
0 0.82734375 0.3328125 0.071875 0.10703125
0 0.04453125 0.21015625 0.0796875 0.12890625
0 0.753125 0.378125 0.06875 0.071875
0 0.75390625 0.93828125 0.05 0.09609375
0 0.646875 0.484375 0.0375 0.09609375
0 0.3296875 0.403125 0.06328125 0.10390625
0 0.73515625 0.56015625 0.0453125 0.09296875
0 0.78125 0.52734375 0.03671875 0.10703125
0 0.940625 0.9015625 0.08515625 0.103125
0 0.715625 0.428125 0.04375 0.075