0 0.240625 0.49609375 0.0578125 0.1140625
0 0.7953125 0.29453125 0.05703125 0.121875
0 0.41171875 0.721875 0.059375 0.09296875
0 0.38125 0.43671875 0.0546875 0.065625
0 0.621875 0.546875 0.059375 0.090625
0 0.2734375 0.33671875 0.05078125 0.07890625
0 0.875 0.28359375 0.075 0.10546875
0 0.73125 0.3921875 0.05 0.1234375
0 0.3234375 0.34609375 0.0578125 0.09453125
0 0.3640625 0.71640625 0.03984375 0.09140625
0 0.7578125 0.4484375 0.04609375 0.09140625
0 0.703125 0.49453125 0.07578125 0.0859375
0 0.81171875 0.4875 0.0453125 0.1859375
0 0.6359375 0.421875 0.05234375 0.06640625
0 0.8125 0.434375 0.04140625 0.08046875