0 0.2453125 0.41484375 0.05234375 0.1015625
0 0.859375 0.34765625 0.06328125 0.115625
0 0.4078125 0.7203125 0.04921875 0.09609375
0 0.43984375 0.428125 0.0640625 0.0734375
0 0.75 0.4359375 0.04609375 0.09140625
0 0.29453125 0.35859375 0.0359375 0.0640625
0 0.690625 0.48515625 0.0796875 0.0984375
0 0.3390625 0.37578125 0.03515625 0.0515625
0 0.5078125 0.390625 0.0578125 0.06953125
0 0.5734375 0.51640625 0.059375 0.0890625
0 0.8125 0.49296875 0.034375 0.05859375
0 0.52734375 0.48984375 0.0390625 0.1515625
0 0.34453125 0.69921875 0.0640625 0.0875