0 0.3203125 0.69375 0.05859375 0.07890625
0 0.528125 0.67734375 0.06328125 0.08203125
0 0.40625 0.721875 0.05234375 0.09140625
0 0.3921875 0.5171875 0.03046875 0.09296875
0 0.56015625 0.4234375 0.040625 0.1140625
0 0.728125 0.44609375 0.059375 0.096875
0 0.840625 0.63359375 0.03984375 0.1109375
0 0.6515625 0.46640625 0.07890625 0.103125
0 0.45859375 0.459375 0.059375 0.0875
0 0.4796875 0.39765625 0.053125 0.08203125
0 0.34609375 0.371875 0.0453125 0.053125
0 0.52109375 0.421875 0.053125 0.0875
0 0.2734375 0.35703125 0.04609375 0.05