0 0.2953125 0.690625 0.0578125 0.0765625
0 0.409375 0.290625 0.046875 0.096875
0 0.40625 0.72265625 0.05234375 0.090625
0 0.465625 0.4765625 0.05234375 0.075
0 0.509375 0.446875 0.04765625 0.09140625
0 0.4765625 0.390625 0.05 0.06796875
0 0.56328125 0.01640625 0.0453125 0.0328125
0 0.55625 0.421875 0.0453125 0.053125
0 0.64140625 0.4640625 0.08125 0.08359375
0 0.80078125 0.64609375 0.0328125 0.1109375
0 0.73046875 0.51171875 0.0390625 0.10703125
0 0.7890625 0.56640625 0.04140625 0.08046875
0 0.3546875 0.371875 0.04375 0.0625
0 0.784375 0.4421875 0.05546875 0.05703125