0 0.40546875 0.721875 0.053125 0.0890625
0 0.8796875 0.69765625 0.05234375 0.10703125
0 0.028125 0.1140625 0.05625 0.13359375
0 0.29765625 0.4171875 0.0453125 0.10703125
0 0.5078125 0.465625 0.05703125 0.08203125
0 0.2296875 0.3015625 0.06796875 0.06640625
0 0.290625 0.6890625 0.06171875 0.075
0 0.334375 0.5734375 0.06171875 0.08046875
0 0.75625 0.353125 0.0625 0.10546875
0 0.728125 0.4390625 0.04453125 0.0890625
0 0.753125 0.59609375 0.053125 0.11953125
0 0.8015625 0.5890625 0.03984375 0.096875
0 0.29609375 0.87734375 0.05546875 0.153125
0 0.36328125 0.378125 0.0515625 0.0515625
0 0.7796875 0.434375 0.0453125 0.096875
0 0.69453125 0.4453125 0.04375 0.07109375
0 0.59921875 0.05 0.04375 0.1
0 0.6359375 0.4546875 0.07734375 0.084375