0 0.9234375 0.090625 0.09609375 0.1359375
0 0.40546875 0.71953125 0.053125 0.09140625
0 0.86953125 0.30859375 0.0734375 0.11640625
0 0.175 0.5390625 0.04921875 0.0859375
0 0.2625 0.66875 0.0609375 0.0765625
0 0.028125 0.26640625 0.05625 0.078125
0 0.76015625 0.2265625 0.0453125 0.15859375
0 0.68203125 0.45859375 0.0625 0.096875
0 0.92734375 0.32890625 0.0625 0.10859375
0 0.38203125 0.36953125 0.0453125 0.075
0 0.703125 0.29140625 0.06796875 0.125
0 0.88046875 0.4671875 0.071875 0.08203125
0 0.9265625 0.75078125 0.0640625 0.12734375
0 0.7953125 0.4234375 0.0546875 0.09453125
0 0.140625 0.28203125 0.06171875 0.06640625
0 0.628125 0.48828125 0.04765625 0.1125
0 0.571875 0.43984375 0.05546875 0.08203125
0 0.82265625 0.46953125 0.0515625 0.13359375
0 0.159375 0.36484375 0.0421875 0.10703125