0 0.6765625 0.29140625 0.05703125 0.1
0 0.40234375 0.36015625 0.0453125 0.09296875
0 0.40546875 0.721875 0.053125 0.0875
0 0.1296875 0.35234375 0.04609375 0.084375
0 0.1796875 0.40078125 0.03515625 0.07890625
0 0.90546875 0.325 0.059375 0.1140625
0 0.03984375 0.2703125 0.0796875 0.07890625
0 0.903125 0.475 0.07265625 0.0859375
0 0.84765625 0.43046875 0.0609375 0.09453125
0 0.25625 0.6703125 0.05859375 0.0734375
0 0.75 0.64140625 0.0546875 0.1109375
0 0.2296875 0.85625 0.04296875 0.109375
0 0.6609375 0.46328125 0.06796875 0.096875
0 0.7640625 0.490625 0.05078125 0.0875
0 0.6 0.446875 0.04921875 0.10625