0 0.38984375 0.5171875 0.046875 0.10703125
0 0.4046875 0.71875 0.0546875 0.09296875
0 0.2578125 0.6703125 0.05390625 0.084375
0 0.859375 0.4234375 0.0453125 0.09140625
0 0.40390625 0.36484375 0.053125 0.084375
0 0.3078125 0.36484375 0.04296875 0.09296875
0 0.75625 0.453125 0.04921875 0.06796875
0 0.3609375 0.37109375 0.04375 0.08359375
0 0.76171875 0.540625 0.0671875 0.0984375
0 0.93125 0.46875 0.053125 0.0625
0 0.603125 0.43046875 0.109375 0.1
0 0.1109375 0.3265625 0.03828125 0.05
0 0.16328125 0.346875 0.025 0.06640625
0 0.571875 0.4875 0.07421875 0.071875