0 0.05625 0.1671875 0.11171875 0.17890625
0 0.1015625 0.4984375 0.059375 0.08046875
0 0.35625 0.3578125 0.04765625 0.07890625
0 0.14921875 0.44375 0.028125 0.09296875
0 0.6828125 0.5203125 0.05078125 0.0875
0 0.65625 0.47109375 0.05078125 0.0640625
0 0.87421875 0.8578125 0.040625 0.11796875
0 0.7625 0.56328125 0.0578125 0.07890625
0 0.1140625 0.28203125 0.0734375 0.10546875
0 0.5796875 0.42421875 0.040625 0.065625
0 0.4953125 0.23515625 0.06328125 0.0875
0 0.815625 0.590625 0.03671875 0.078125
0 0.553125 0.58125 0.0328125 0.10390625
0 0.58046875 0.61640625 0.0359375 0.09453125
0 0.96875 0.38125 0.03828125 0.084375
0 0.48828125 0.31484375 0.059375 0.0984375
0 0.0640625 0.353125 0.0515625 0.08203125
0 0.8625 0.5375 0.06640625 0.096875