0 0.35859375 0.2625 0.090625 0.11640625
0 0.5453125 0.35390625 0.04375 0.09453125
0 0.6921875 0.35234375 0.06015625 0.10390625
0 0.42421875 0.034375 0.0734375 0.06875
0 0.09765625 0.25234375 0.065625 0.084375
0 0.4484375 0.4421875 0.03046875 0.090625
0 0.6859375 0.57265625 0.05546875 0.0734375
0 0.934375 0.3390625 0.08046875 0.096875
0 0.3609375 0.39765625 0.04921875 0.0734375
0 0.671875 0.440625 0.046875 0.065625
0 0.72109375 0.3875 0.0390625 0.10546875
0 0.034375 0.284375 0.06875 0.16640625
0 0.73515625 0.4703125 0.05859375 0.0703125
0 0.821875 0.4921875 0.03515625 0.1046875
0 0.83671875 0.5796875 0.028125 0.09140625
0 0.8546875 0.49375 0.04453125 0.07421875
0 0.0359375 0.465625 0.071875 0.078125