0 0.2234375 0.24375 0.07265625 0.115625
0 0.584375 0.34140625 0.06640625 0.078125
0 0.3484375 0.290625 0.0625 0.103125
0 0.7578125 0.55234375 0.06015625 0.090625
0 0.6984375 0.2859375 0.05859375 0.11640625
0 0.728125 0.36015625 0.05625 0.12109375
0 0.3828125 0.115625 0.05078125 0.12109375
0 0.30546875 0.3734375 0.059375 0.06640625
0 0.08515625 0.24765625 0.0609375 0.090625
0 0.0671875 0.390625 0.03203125 0.084375
0 0.1265625 0.3375 0.06328125 0.0890625
0 0.4296875 0.0703125 0.0515625 0.140625
0 0.709375 0.4734375 0.04609375 0.075
0 0.025 0.2125 0.05 0.065625
0 0.76015625 0.459375 0.046875 0.0640625
0 0.8609375 0.48671875 0.06640625 0.08125