0 0.453125 0.24375 0.06015625 0.0984375
0 0.3359375 0.278125 0.14296875 0.1640625
0 0.43125 0.07890625 0.06953125 0.1140625
0 0.65703125 0.42578125 0.075 0.109375
0 0.15546875 0.484375 0.05625 0.14609375
0 0.121875 0.4046875 0.06484375 0.0984375
0 0.6890625 0.32578125 0.05703125 0.11796875
0 0.16875 0.23359375 0.0453125 0.11640625
0 0.02578125 0.1515625 0.0515625 0.0625
0 0.87109375 0.48828125 0.05859375 0.10078125
0 0.82109375 0.49296875 0.02734375 0.06796875
0 0.77578125 0.534375 0.04921875 0.09140625
0 0.06953125 0.2296875 0.053125 0.05703125
0 0.03359375 0.2390625 0.04140625 0.08828125
0 0.05390625 0.40546875 0.040625 0.10546875
0 0.73828125 0.4609375 0.0671875 0.0640625
0 0.384375 0.2390625 0.0375 0.10234375