0 0.35 0.553125 0.05390625 0.11796875
0 0.7171875 0.434375 0.04453125 0.071875
0 0.5046875 0.37109375 0.03828125 0.13359375
0 0.578125 0.51171875 0.02734375 0.10703125
0 0.39765625 0.33046875 0.0328125 0.09453125
0 0.434375 0.3375 0.05390625 0.0890625
0 0.63359375 0.34140625 0.0421875 0.1109375
0 0.4046875 0.2109375 0.05390625 0.14453125
0 0.053125 0.1640625 0.04453125 0.10859375
0 0.875 0.53671875 0.053125 0.090625
0 0.11328125 0.13359375 0.109375 0.1390625
0 0.646875 0.26953125 0.05859375 0.103125
0 0.01875 0.203125 0.03671875 0.05859375
0 0.353125 0.2828125 0.05859375 0.084375
0 0.84375 0.55859375 0.0546875 0.06640625
0 0.778125 0.4828125 0.0375 0.1