0 0.48515625 0.2390625 0.0484375 0.1
0 0.446875 0.52421875 0.06328125 0.08203125
0 0.4078125 0.678125 0.04765625 0.11953125
0 0.278125 0.56484375 0.0453125 0.090625
0 0.371875 0.396875 0.05234375 0.0734375
0 0.86953125 0.42578125 0.0703125 0.0984375
0 0.5375 0.41875 0.05390625 0.05390625
0 0.6328125 0.42421875 0.04140625 0.0734375
0 0.02734375 0.259375 0.0546875 0.0890625
0 0.76484375 0.48515625 0.0328125 0.0953125
0 0.8 0.4796875 0.03515625 0.109375
0 0.671875 0.4890625 0.059375 0.07734375
0 0.72421875 0.46171875 0.05390625 0.0703125
0 0.02578125 0.43046875 0.04453125 0.103125