0 0.6015625 0.209375 0.065625 0.12890625
0 0.490625 0.2 0.04453125 0.11953125
0 0.7890625 0.3921875 0.06484375 0.1015625
0 0.41328125 0.60859375 0.0640625 0.121875
0 0.80703125 0.7703125 0.05 0.084375
0 0.4453125 0.5265625 0.06328125 0.08359375
0 0.628125 0.4234375 0.04609375 0.08046875
0 0.7484375 0.49296875 0.03828125 0.0890625
0 0.665625 0.484375 0.059375 0.07890625
0 0.2703125 0.42421875 0.04765625 0.0625
0 0.58125 0.3875 0.08515625 0.121875
0 0.83203125 0.4984375 0.02890625 0.1203125
0 0.86796875 0.43671875 0.05078125 0.07109375