0 0.4875 0.08046875 0.05234375 0.1390625
0 0.8109375 0.29453125 0.05546875 0.121875
0 0.61484375 0.784375 0.0546875 0.225
0 0.52578125 0.25546875 0.0546875 0.14453125
0 0.62109375 0.4203125 0.0546875 0.09609375
0 0.575 0.17421875 0.05859375 0.109375
0 0.6453125 0.184375 0.059375 0.11640625
0 0.17265625 0.4375 0.0546875 0.08359375
0 0.13125 0.571875 0.0796875 0.215625
0 0.4125 0.6 0.059375 0.11875
0 0.68125 0.471875 0.05390625 0.0890625
0 0.7421875 0.478125 0.04921875 0.07890625
0 0.9609375 0.3171875 0.04765625 0.1375
0 0.44375 0.5296875 0.06640625 0.07890625
0 0.8296875 0.45546875 0.05859375 0.08359375
0 0.0421875 0.29609375 0.05390625 0.0921875