0 0.56875 0.16875 0.06796875 0.134375
0 0.69375 0.24765625 0.05703125 0.09296875
0 0.33046875 0.3203125 0.05625 0.109375
0 0.115625 0.5203125 0.04921875 0.084375
0 0.7203125 0.38046875 0.05078125 0.1359375
0 0.253125 0.578125 0.04453125 0.0859375
0 0.43515625 0.49609375 0.0625 0.10546875
0 0.8046875 0.390625 0.05 0.1375
0 0.41328125 0.559375 0.0578125 0.1140625
0 0.640625 0.51328125 0.05390625 0.10390625
0 0.6625 0.7921875 0.04140625 0.0734375
0 0.6203125 0.409375 0.040625 0.071875
0 0.5859375 0.415625 0.03515625 0.06953125
0 0.7265625 0.4828125 0.0640625 0.06796875