0 0.1953125 0.08828125 0.08359375 0.1375
0 0.55859375 0.15859375 0.06875 0.1109375
0 0.75234375 0.05625 0.0671875 0.1125
0 0.65625 0.359375 0.059375 0.0859375
0 0.365625 0.3953125 0.04921875 0.0765625
0 0.3046875 0.296875 0.05859375 0.08359375
0 0.66875 0.67578125 0.03984375 0.10390625
0 0.4375 0.49453125 0.0640625 0.09453125
0 0.2953125 0.5390625 0.1296875 0.2390625
0 0.4125 0.55703125 0.06171875 0.121875
0 0.6015625 0.39609375 0.075 0.096875
0 0.2 0.55546875 0.05234375 0.08359375
0 0.721875 0.859375 0.03046875 0.10546875
0 0.30390625 0.365625 0.040625 0.07109375
0 0.728125 0.453125 0.03671875 0.1140625
0 0.76171875 0.46328125 0.034375 0.096875
0 0.796875 0.459375 0.03203125 0.11875